   .41001309E-01    .71160594E+00
   .22026054E-04    .27580977E+02
   .00000000E+00    .10000000E+03
   .00000000E+00    .10000000E+03
   .63265362E-06    .67747133E+02
   .37607925E-01    .90567979E+00
   .88068344E-04    .22074313E+02
   .00000000E+00    .10000000E+03
   .00000000E+00    .10000000E+03
   .14823804E-05    .42444320E+02
   .32588550E-01    .11357547E+01
   .14734536E-03    .17921148E+02
   .00000000E+00    .10000000E+03
   .00000000E+00    .10000000E+03
   .72051309E-05    .45030520E+02
   .27162414E-01    .14170859E+01
   .26322678E-03    .16424529E+02
   .00000000E+00    .10000000E+03
   .00000000E+00    .10000000E+03
   .43697505E-05    .34624187E+02
   .21799419E-01    .17579397E+01
   .35518543E-03    .14503871E+02
   .16969873E-05    .10000000E+03
   .00000000E+00    .10000000E+03
   .29523916E-05    .43621300E+02
   .16172228E-01    .22311036E+01
   .33994040E-03    .15034629E+02
   .12880416E-05    .10000000E+03
   .00000000E+00    .10000000E+03
   .63656632E-05    .27918884E+02
   .96395949E-02    .29831622E+01
   .34453921E-03    .14791272E+02
   .77369649E-05    .69392420E+02
   .00000000E+00    .10000000E+03
   .21287700E-05    .38368069E+02
   .36168699E-02    .48192600E+01
   .45800396E-03    .13102468E+02
   .96522441E-05    .67215151E+02
   .00000000E+00    .10000000E+03
   .36540265E-05    .37697351E+02
   .47676042E-03    .11999709E+02
   .53578467E-03    .13021855E+02
   .12330443E-04    .59862836E+02
   .00000000E+00    .10000000E+03
   .77816121E-05    .91198020E+02
   .27632369E-05    .10000000E+03
   .46733183E-03    .13593239E+02
   .74710435E-06    .10000000E+03
   .00000000E+00    .10000000E+03
   .14426196E-05    .52641825E+02
   .00000000E+00    .10000000E+03
   .42778518E-03    .14537294E+02
   .64356920E-05    .71341396E+02
   .00000000E+00    .10000000E+03
   .56806535E-05    .77294343E+02
   .00000000E+00    .10000000E+03
   .42987006E-03    .14683007E+02
   .87471963E-05    .82990144E+02
   .00000000E+00    .10000000E+03
   .10046166E-05    .10000000E+03
   .00000000E+00    .10000000E+03
   .40076324E-03    .14977284E+02
   .97386199E-05    .10000000E+03
   .15123893E-06    .10000000E+03
   .13876822E-05    .59088504E+02
   .00000000E+00    .10000000E+03
   .40200603E-03    .14631160E+02
   .11460032E-04    .74520189E+02
   .00000000E+00    .10000000E+03
   .17145917E-05    .69726783E+02
   .00000000E+00    .10000000E+03
   .42545795E-03    .14642675E+02
   .31423420E-05    .71020241E+02
   .00000000E+00    .10000000E+03
   .10425075E-05    .71383362E+02
   .00000000E+00    .10000000E+03
   .41198125E-03    .14872353E+02
   .27283594E-05    .10000000E+03
   .11785559E-06    .10000000E+03
   .74982551E-06    .73233528E+02
   .00000000E+00    .10000000E+03
   .48857136E-03    .14626676E+02
   .11173824E-04    .54492256E+02
   .11381792E-05    .10000000E+03
   .37809782E-05    .65314448E+02
   .00000000E+00    .10000000E+03
   .44034995E-03    .15512882E+02
   .81711380E-05    .80096056E+02
   .20561214E-05    .10000000E+03
   .10604033E-05    .59887338E+02
   .00000000E+00    .10000000E+03
   .41882868E-03    .16553740E+02
   .16167690E-04    .55387987E+02
   .00000000E+00    .10000000E+03
   .59003286E-06    .77691396E+02
   .00000000E+00    .10000000E+03
   .32572141E-03    .15020565E+02
   .19981896E-04    .77510563E+02
   .80728945E-06    .10000000E+03
   .24711826E-05    .59865880E+02
   .33023872E-01    .87849060E+00
   .90748671E-04    .20983040E+02
   .34585743E-06    .10000000E+03
   .00000000E+00    .10000000E+03
   .67632766E-06    .69905375E+02
   .34483325E-01    .10560172E+01
   .30077014E-03    .13445854E+02
   .45518153E-05    .65585739E+02
   .00000000E+00    .10000000E+03
   .19226010E-05    .41958087E+02
   .34806372E-01    .11572290E+01
   .38378428E-03    .13169487E+02
   .36563046E-06    .10000000E+03
   .00000000E+00    .10000000E+03
   .39648039E-05    .32209729E+02
   .33778023E-01    .12810905E+01
   .40664480E-03    .12559104E+02
   .48443832E-05    .67484974E+02
   .00000000E+00    .10000000E+03
   .96379449E-05    .36950459E+02
   .31416389E-01    .14671645E+01
   .58622027E-03    .11787142E+02
   .10283204E-04    .10000000E+03
   .00000000E+00    .10000000E+03
   .12524345E-04    .38069890E+02
   .24310409E-01    .17899625E+01
   .47814586E-03    .11790321E+02
   .66003050E-05    .55760295E+02
   .12329777E-06    .10000000E+03
   .57935526E-05    .38711437E+02
   .13653016E-01    .24950202E+01
   .54163776E-03    .12713953E+02
   .19535849E-04    .61908452E+02
   .00000000E+00    .10000000E+03
   .35275839E-05    .37795559E+02
   .37213045E-02    .45579421E+01
   .49437234E-03    .13129582E+02
   .28361739E-04    .45691172E+02
   .73995676E-06    .80448530E+02
   .10555839E-04    .35485927E+02
   .36193473E-03    .13933349E+02
   .46276339E-03    .13095359E+02
   .19700435E-04    .49791174E+02
   .28312965E-06    .10000000E+03
   .13121292E-04    .57912965E+02
   .00000000E+00    .10000000E+03
   .50849845E-03    .13232956E+02
   .14898255E-04    .72952330E+02
   .00000000E+00    .10000000E+03
   .39424614E-05    .37429523E+02
   .00000000E+00    .10000000E+03
   .49039240E-03    .12798526E+02
   .13888640E-04    .72270586E+02
   .00000000E+00    .10000000E+03
   .46993428E-05    .34234457E+02
   .00000000E+00    .10000000E+03
   .51947849E-03    .13181264E+02
   .43491129E-05    .61786703E+02
   .15019971E-05    .10000000E+03
   .76963324E-05    .73643094E+02
   .00000000E+00    .10000000E+03
   .56824584E-03    .12946987E+02
   .22672392E-04    .55213200E+02
   .42107491E-06    .10000000E+03
   .32660694E-05    .42972846E+02
   .00000000E+00    .10000000E+03
   .41829961E-03    .13956992E+02
   .83057724E-05    .56692276E+02
   .29547513E-05    .70710628E+02
   .25884926E-05    .43288594E+02
   .00000000E+00    .10000000E+03
   .53072934E-03    .13098861E+02
   .44661304E-04    .37762554E+02
   .89654770E-05    .91111468E+02
   .39693267E-05    .67585593E+02
   .00000000E+00    .10000000E+03
   .47602458E-03    .13883266E+02
   .25734850E-04    .52712799E+02
   .14483949E-04    .10000000E+03
   .11611269E-04    .83779759E+02
   .00000000E+00    .10000000E+03
   .39150688E-03    .14727711E+02
   .23445076E-04    .52752444E+02
   .27571416E-05    .64688968E+02
   .21906137E-05    .70256660E+02
   .00000000E+00    .10000000E+03
   .38606981E-03    .15195097E+02
   .13880395E-04    .40080954E+02
   .55025969E-06    .10000000E+03
   .17403818E-05    .69397340E+02
   .00000000E+00    .10000000E+03
   .47180078E-03    .13487937E+02
   .33986577E-04    .39261781E+02
   .11883421E-05    .10000000E+03
   .61975723E-05    .51966953E+02
   .00000000E+00    .10000000E+03
   .46063564E-03    .14025433E+02
   .43152845E-04    .50094672E+02
   .15448855E-05    .84120407E+02
   .99573216E-06    .66031116E+02
   .15874789E-01    .14737743E+01
   .85738935E-04    .22874314E+02
   .97885377E-07    .10000000E+03
   .00000000E+00    .10000000E+03
   .15555854E-05    .66554227E+02
   .14927183E-01    .18490399E+01
   .23242986E-03    .15349790E+02
   .10069236E-04    .72184945E+02
   .00000000E+00    .10000000E+03
   .10098509E-04    .67722874E+02
   .15004728E-01    .19935502E+01
   .30284200E-03    .14001595E+02
   .54818071E-05    .71158984E+02
   .00000000E+00    .10000000E+03
   .40494084E-05    .47301833E+02
   .15571257E-01    .21200322E+01
   .27198486E-03    .16394993E+02
   .35044292E-05    .81180604E+02
   .00000000E+00    .10000000E+03
   .24161284E-05    .41765168E+02
   .13533683E-01    .24294457E+01
   .24113847E-03    .17143677E+02
   .34686378E-05    .10000000E+03
   .00000000E+00    .10000000E+03
   .35622366E-05    .34383088E+02
   .99254603E-02    .29505398E+01
   .20420894E-03    .18371798E+02
   .38118693E-05    .63003271E+02
   .00000000E+00    .10000000E+03
   .96541788E-05    .40246265E+02
   .43155352E-02    .43637311E+01
   .18633646E-03    .18108848E+02
   .12195310E-04    .68346076E+02
   .00000000E+00    .10000000E+03
   .78548706E-05    .46688157E+02
   .93692870E-03    .87579550E+01
   .16139204E-03    .20018145E+02
   .47607767E-05    .57007516E+02
   .00000000E+00    .10000000E+03
   .37741864E-05    .34478975E+02
   .59555779E-04    .31337940E+02
   .15025744E-03    .19768234E+02
   .22872006E-04    .50423127E+02
   .00000000E+00    .10000000E+03
   .54522217E-05    .51952960E+02
   .00000000E+00    .10000000E+03
   .23638475E-03    .17242602E+02
   .15511758E-04    .52559787E+02
   .19349410E-06    .10000000E+03
   .33402727E-05    .49310979E+02
   .00000000E+00    .10000000E+03
   .19595762E-03    .18766187E+02
   .92902965E-05    .48492849E+02
   .15874232E-06    .10000000E+03
   .48586922E-05    .54215899E+02
   .00000000E+00    .10000000E+03
   .18891263E-03    .19927095E+02
   .15522456E-04    .41927952E+02
   .00000000E+00    .10000000E+03
   .43024100E-05    .56691597E+02
   .00000000E+00    .10000000E+03
   .19054976E-03    .19328615E+02
   .25339404E-04    .44487523E+02
   .00000000E+00    .10000000E+03
   .10699768E-04    .60165682E+02
   .00000000E+00    .10000000E+03
   .12167688E-03    .22338964E+02
   .14753305E-04    .47444662E+02
   .74603579E-06    .10000000E+03
   .87731532E-05    .47301922E+02
   .00000000E+00    .10000000E+03
   .17940388E-03    .20860794E+02
   .20871803E-04    .46945989E+02
   .19975064E-05    .79124534E+02
   .91425633E-05    .83757166E+02
   .00000000E+00    .10000000E+03
   .19809423E-03    .19203533E+02
   .19132129E-04    .54135637E+02
   .18017526E-05    .10000000E+03
   .39209148E-05    .51088575E+02
   .00000000E+00    .10000000E+03
   .21418165E-03    .17518251E+02
   .19338012E-04    .62762177E+02
   .00000000E+00    .10000000E+03
   .92656096E-05    .87870828E+02
   .00000000E+00    .10000000E+03
   .18988322E-03    .19740834E+02
   .32986231E-04    .39435709E+02
   .10016253E-05    .68745053E+02
   .53420581E-05    .69627095E+02
   .00000000E+00    .10000000E+03
   .12433772E-03    .23576981E+02
   .23695282E-04    .43090611E+02
   .18965269E-05    .10000000E+03
   .86837781E-05    .93636444E+02
   .00000000E+00    .10000000E+03
   .12201081E-03    .22651644E+02
   .18542825E-04    .59889870E+02
   .66929913E-05    .93275438E+02
   .25685951E-05    .49159433E+02
   .65637110E-02    .22172979E+01
   .74628979E-04    .25549462E+02
   .00000000E+00    .10000000E+03
   .00000000E+00    .10000000E+03
   .25607579E-05    .10000000E+03
   .52607204E-02    .32123812E+01
   .16440384E-03    .17575775E+02
   .00000000E+00    .10000000E+03
   .00000000E+00    .10000000E+03
   .63557741E-06    .72489345E+02
   .52702028E-02    .36226898E+01
   .16548242E-03    .18397172E+02
   .00000000E+00    .10000000E+03
   .00000000E+00    .10000000E+03
   .89783784E-06    .53701944E+02
   .49008457E-02    .39913179E+01
   .14186322E-03    .19405912E+02
   .52935052E-05    .65557135E+02
   .68014264E-06    .97174354E+02
   .28850602E-05    .64358660E+02
   .37430153E-02    .47155365E+01
   .10868510E-03    .19698313E+02
   .71902737E-06    .10000000E+03
   .58831718E-06    .10000000E+03
   .65273307E-05    .77945550E+02
   .22965688E-02    .61245774E+01
   .89224546E-04    .21181767E+02
   .13198765E-04    .47079726E+02
   .00000000E+00    .10000000E+03
   .83185942E-06    .70760416E+02
   .77751379E-03    .10257607E+02
   .98882764E-04    .23921261E+02
   .11742204E-04    .49924596E+02
   .11860650E-05    .10000000E+03
   .64978369E-05    .77705770E+02
   .84189269E-04    .26883418E+02
   .11857013E-03    .21424177E+02
   .18542908E-04    .46756122E+02
   .00000000E+00    .10000000E+03
   .10671161E-05    .57880814E+02
   .44629610E-05    .10000000E+03
   .71410853E-04    .24324921E+02
   .48848345E-05    .57007796E+02
   .29599303E-05    .10000000E+03
   .95777095E-06    .94907674E+02
   .00000000E+00    .10000000E+03
   .93012743E-04    .22732286E+02
   .37421351E-05    .94438505E+02
   .13842030E-05    .10000000E+03
   .45640724E-05    .90915782E+02
   .00000000E+00    .10000000E+03
   .11000421E-03    .20779050E+02
   .17678054E-04    .49078267E+02
   .00000000E+00    .10000000E+03
   .14418510E-04    .56049383E+02
   .00000000E+00    .10000000E+03
   .10331387E-03    .21245640E+02
   .13711966E-04    .59065118E+02
   .00000000E+00    .10000000E+03
   .22710711E-05    .52826822E+02
   .00000000E+00    .10000000E+03
   .12032870E-03    .20531964E+02
   .28662110E-05    .65693535E+02
   .11842869E-05    .10000000E+03
   .66013284E-05    .65981938E+02
   .00000000E+00    .10000000E+03
   .10355544E-03    .22231157E+02
   .12242392E-04    .54738198E+02
   .27503602E-05    .75698656E+02
   .47727180E-05    .90137807E+02
   .00000000E+00    .10000000E+03
   .98912664E-04    .22312238E+02
   .16245661E-04    .45906361E+02
   .17157900E-05    .73641745E+02
   .59550503E-05    .80396234E+02
   .00000000E+00    .10000000E+03
   .91408114E-04    .24373432E+02
   .28067145E-05    .61079274E+02
   .00000000E+00    .10000000E+03
   .19050017E-05    .55248221E+02
   .00000000E+00    .10000000E+03
   .64392623E-04    .28314890E+02
   .15638422E-04    .49143964E+02
   .25365125E-05    .71537453E+02
   .28669276E-05    .67085764E+02
   .00000000E+00    .10000000E+03
   .74601222E-04    .25587948E+02
   .14421601E-04    .49458511E+02
   .10687560E-05    .71402400E+02
   .61714434E-05    .78328490E+02
   .00000000E+00    .10000000E+03
   .60035934E-04    .31141453E+02
   .15490863E-04    .55160322E+02
   .29410573E-05    .10000000E+03
   .52324048E-05    .66200074E+02
   .00000000E+00    .10000000E+03
   .91554010E-04    .23375791E+02
   .23635932E-04    .43784570E+02
   .36022041E-05    .67538331E+02
   .31342303E-06    .84390124E+02
   .23656301E-02    .35917804E+01
   .63621735E-04    .27904568E+02
   .16034764E-05    .10000000E+03
   .00000000E+00    .10000000E+03
   .22829048E-07    .10000000E+03
   .17649806E-02    .56275422E+01
   .59236094E-04    .23050465E+02
   .95346704E-06    .10000000E+03
   .00000000E+00    .10000000E+03
   .51661747E-05    .91406235E+02
   .12302611E-02    .75192116E+01
   .48447718E-04    .26004572E+02
   .00000000E+00    .10000000E+03
   .89329464E-06    .10000000E+03
   .00000000E+00    .10000000E+03
   .11158221E-02    .85223640E+01
   .36962675E-04    .30120061E+02
   .11188359E-05    .68363617E+02
   .00000000E+00    .10000000E+03
   .93136624E-06    .67988245E+02
   .66557078E-03    .10985785E+02
   .50059904E-04    .27150153E+02
   .40212082E-06    .10000000E+03
   .00000000E+00    .10000000E+03
   .11930395E-05    .56845627E+02
   .30488689E-03    .17298348E+02
   .48722202E-04    .25890433E+02
   .87288434E-05    .58327839E+02
   .00000000E+00    .10000000E+03
   .11372692E-05    .58828546E+02
   .13078690E-03    .26876198E+02
   .40782606E-04    .26314584E+02
   .10447314E-04    .40251910E+02
   .12044541E-06    .10000000E+03
   .00000000E+00    .10000000E+03
   .00000000E+00    .10000000E+03
   .31951321E-04    .30985338E+02
   .23183684E-05    .88941770E+02
   .00000000E+00    .10000000E+03
   .95367876E-07    .10000000E+03
   .00000000E+00    .10000000E+03
   .53394518E-04    .25450550E+02
   .10040012E-04    .47462277E+02
   .00000000E+00    .10000000E+03
   .52485933E-06    .79084244E+02
   .00000000E+00    .10000000E+03
   .66061836E-04    .23775029E+02
   .10174516E-04    .46260943E+02
   .70631397E-06    .79953788E+02
   .14829724E-05    .59875903E+02
   .00000000E+00    .10000000E+03
   .60342648E-04    .22372287E+02
   .23543432E-05    .75200115E+02
   .00000000E+00    .10000000E+03
   .00000000E+00    .10000000E+03
   .00000000E+00    .10000000E+03
   .33139944E-04    .26833805E+02
   .10746582E-04    .44907579E+02
   .00000000E+00    .10000000E+03
   .25187643E-05    .82228933E+02
   .00000000E+00    .10000000E+03
   .34925397E-04    .29082978E+02
   .37395111E-05    .53364382E+02
   .00000000E+00    .10000000E+03
   .11140711E-05    .68734944E+02
   .00000000E+00    .10000000E+03
   .63377650E-04    .24169106E+02
   .16701791E-04    .49667631E+02
   .21063542E-05    .52640100E+02
   .18173926E-05    .82741272E+02
   .00000000E+00    .10000000E+03
   .46793340E-04    .28080667E+02
   .15755766E-04    .49557461E+02
   .12564996E-06    .10000000E+03
   .12561022E-04    .61027895E+02
   .00000000E+00    .10000000E+03
   .26326713E-04    .33749539E+02
   .11949898E-04    .50787813E+02
   .52974633E-06    .10000000E+03
   .20846853E-05    .70745373E+02
   .00000000E+00    .10000000E+03
   .45692687E-04    .27522680E+02
   .11163035E-04    .54603990E+02
   .68386775E-06    .10000000E+03
   .68783150E-05    .57145330E+02
   .00000000E+00    .10000000E+03
   .36108468E-04    .32266915E+02
   .59467220E-05    .49122284E+02
   .00000000E+00    .10000000E+03
   .56476194E-05    .87444258E+02
   .00000000E+00    .10000000E+03
   .57151469E-04    .26194226E+02
   .16041794E-04    .40117031E+02
   .25916851E-05    .63889740E+02
   .93192457E-05    .88317347E+02
   .00000000E+00    .10000000E+03
   .49987347E-04    .25436942E+02
   .11747207E-04    .63333039E+02
   .20851522E-05    .83255189E+02
   .76193920E-05    .76760175E+02
   .72006286E-03    .63322975E+01
   .52896941E-04    .25745604E+02
   .28290348E-05    .70843797E+02
   .00000000E+00    .10000000E+03
   .29939084E-05    .86625701E+02
   .45374018E-03    .10914561E+02
   .48071278E-04    .24184560E+02
   .00000000E+00    .10000000E+03
   .00000000E+00    .10000000E+03
   .32967198E-05    .10000000E+03
   .30540406E-03    .15370610E+02
   .39471265E-04    .24733723E+02
   .27654299E-05    .81303824E+02
   .00000000E+00    .10000000E+03
   .00000000E+00    .10000000E+03
   .18716013E-03    .21031463E+02
   .37972144E-04    .26054577E+02
   .29016540E-05    .53871883E+02
   .00000000E+00    .10000000E+03
   .11527589E-05    .59223371E+02
   .13319369E-03    .26165562E+02
   .47860277E-04    .23840637E+02
   .25494747E-05    .71766271E+02
   .00000000E+00    .10000000E+03
   .14983909E-05    .74278280E+02
   .17716691E-04    .68630858E+02
   .16993303E-04    .31200091E+02
   .28135380E-05    .10000000E+03
   .00000000E+00    .10000000E+03
   .50191667E-06    .10000000E+03
   .00000000E+00    .10000000E+03
   .39639706E-04    .26471318E+02
   .15399808E-05    .10000000E+03
   .17038409E-07    .10000000E+03
   .00000000E+00    .10000000E+03
   .00000000E+00    .10000000E+03
   .34030409E-04    .28329058E+02
   .32361505E-05    .54333557E+02
   .00000000E+00    .10000000E+03
   .27918326E-05    .72333722E+02
   .00000000E+00    .10000000E+03
   .34009651E-04    .28183079E+02
   .86718370E-05    .41177005E+02
   .00000000E+00    .10000000E+03
   .34105711E-07    .10000000E+03
   .00000000E+00    .10000000E+03
   .21085748E-04    .35054519E+02
   .13508367E-05    .74692088E+02
   .00000000E+00    .10000000E+03
   .13036570E-05    .63636642E+02
   .00000000E+00    .10000000E+03
   .21770685E-04    .29854862E+02
   .00000000E+00    .10000000E+03
   .56168033E-06    .71472990E+02
   .10292765E-05    .92434802E+02
   .00000000E+00    .10000000E+03
   .25952086E-04    .28816304E+02
   .40576344E-05    .60814034E+02
   .85173293E-07    .10000000E+03
   .92329164E-05    .89681443E+02
   .00000000E+00    .10000000E+03
   .32367873E-04    .28740116E+02
   .13695658E-04    .39569714E+02
   .14562145E-05    .60094668E+02
   .63825982E-05    .63146286E+02
   .00000000E+00    .10000000E+03
   .23194296E-04    .32595062E+02
   .60403278E-05    .46361664E+02
   .00000000E+00    .10000000E+03
   .18848652E-05    .71310216E+02
   .00000000E+00    .10000000E+03
   .58177178E-05    .44401766E+02
   .17275743E-05    .71459413E+02
   .16583839E-05    .10000000E+03
   .20010348E-05    .80981667E+02
   .00000000E+00    .10000000E+03
   .28571206E-04    .30828974E+02
   .66133665E-05    .59432562E+02
   .24787315E-06    .10000000E+03
   .33300006E-05    .59963519E+02
   .00000000E+00    .10000000E+03
   .17068903E-04    .36632390E+02
   .45386164E-05    .64612523E+02
   .84505772E-06    .10000000E+03
   .70786978E-05    .85393415E+02
   .00000000E+00    .10000000E+03
   .31751801E-04    .29194603E+02
   .31223878E-05    .60758148E+02
   .14125311E-05    .79207671E+02
   .38275662E-06    .10000000E+03
   .00000000E+00    .10000000E+03
   .45607813E-04    .23099615E+02
   .68208424E-05    .60860536E+02
   .00000000E+00    .10000000E+03
   .00000000E+00    .10000000E+03
   .00000000E+00    .10000000E+03
   .23725909E-04    .31833920E+02
   .75511711E-05    .42951155E+02
   .00000000E+00    .10000000E+03
   .14711298E-06    .10000000E+03
   .21770171E-03    .12535048E+02
   .23864714E-04    .39151995E+02
   .35032816E-06    .10000000E+03
   .00000000E+00    .10000000E+03
   .33880542E-05    .10000000E+03
   .77837366E-04    .26185612E+02
   .20471682E-04    .30475843E+02
   .87270549E-07    .10000000E+03
   .00000000E+00    .10000000E+03
   .00000000E+00    .10000000E+03
   .75193727E-04    .31336535E+02
   .14507037E-04    .34688650E+02
   .00000000E+00    .10000000E+03
   .00000000E+00    .10000000E+03
   .24593531E-05    .10000000E+03
   .24084590E-04    .66458879E+02
   .15278492E-04    .33911866E+02
   .51185081E-06    .70931480E+02
   .12706346E-06    .10000000E+03
   .27041274E-06    .10000000E+03
   .00000000E+00    .10000000E+03
   .15966610E-04    .38043701E+02
   .23642262E-05    .75615002E+02
   .00000000E+00    .10000000E+03
   .00000000E+00    .10000000E+03
   .00000000E+00    .10000000E+03
   .25012640E-04    .28494706E+02
   .11880651E-05    .83330786E+02
   .00000000E+00    .10000000E+03
   .00000000E+00    .10000000E+03
   .00000000E+00    .10000000E+03
   .32603272E-04    .26103182E+02
   .73418393E-06    .10000000E+03
   .00000000E+00    .10000000E+03
   .70446786E-05    .82344059E+02
   .00000000E+00    .10000000E+03
   .18205702E-04    .34506501E+02
   .26091810E-05    .81791228E+02
   .00000000E+00    .10000000E+03
   .10518366E-05    .73919832E+02
   .00000000E+00    .10000000E+03
   .18516862E-04    .33831928E+02
   .11633133E-05    .10000000E+03
   .89841747E-06    .10000000E+03
   .51993331E-05    .99535694E+02
   .00000000E+00    .10000000E+03
   .13669749E-04    .37089110E+02
   .27498490E-06    .10000000E+03
   .33401367E-06    .10000000E+03
   .23555841E-05    .99763142E+02
   .00000000E+00    .10000000E+03
   .10032928E-04    .38675709E+02
   .23009318E-06    .10000000E+03
   .93127921E-06    .70430766E+02
   .37276189E-05    .57434728E+02
   .00000000E+00    .10000000E+03
   .13333826E-04    .37395842E+02
   .49950986E-05    .69028883E+02
   .00000000E+00    .10000000E+03
   .50248154E-05    .10000000E+03
   .00000000E+00    .10000000E+03
   .15117625E-04    .35598192E+02
   .64777541E-06    .10000000E+03
   .15591333E-05    .77187038E+02
   .93854056E-06    .95337818E+02
   .00000000E+00    .10000000E+03
   .16524735E-04    .37241372E+02
   .27091621E-05    .70717702E+02
   .17709562E-07    .10000000E+03
   .00000000E+00    .10000000E+03
   .00000000E+00    .10000000E+03
   .15671706E-04    .34952247E+02
   .31528499E-05    .73621552E+02
   .77280935E-06    .10000000E+03
   .11086723E-06    .10000000E+03
   .00000000E+00    .10000000E+03
   .83971762E-05    .46368973E+02
   .00000000E+00    .10000000E+03
   .20720025E-06    .10000000E+03
   .63861465E-08    .10000000E+03
   .00000000E+00    .10000000E+03
   .16199891E-04    .37403046E+02
   .11335115E-05    .72261328E+02
   .00000000E+00    .10000000E+03
   .00000000E+00    .10000000E+03
   .00000000E+00    .10000000E+03
   .26545327E-04    .26166035E+02
   .18184663E-05    .60994078E+02
   .17894626E-06    .10000000E+03
   .13965162E-05    .10000000E+03
   .00000000E+00    .10000000E+03
   .16436132E-04    .29385921E+02
   .44697649E-05    .60037841E+02
   .00000000E+00    .10000000E+03
   .36567250E-05    .10000000E+03
   .00000000E+00    .10000000E+03
   .19152706E-04    .33408159E+02
   .27345491E-05    .70631666E+02
   .00000000E+00    .10000000E+03
   .00000000E+00    .10000000E+03
   .49140890E-04    .22562581E+02
   .48069804E-05    .67836910E+02
   .00000000E+00    .10000000E+03
   .00000000E+00    .10000000E+03
   .00000000E+00    .10000000E+03
   .21305110E-04    .51447043E+02
   .74034896E-05    .45383584E+02
   .26344042E-06    .10000000E+03
   .00000000E+00    .10000000E+03
   .00000000E+00    .10000000E+03
   .10175203E-04    .79469906E+02
   .25325049E-05    .79415894E+02
   .00000000E+00    .10000000E+03
   .00000000E+00    .10000000E+03
   .00000000E+00    .10000000E+03
   .73417075E-05    .73856276E+02
   .22050490E-05    .72742416E+02
   .16899452E-05    .10000000E+03
   .00000000E+00    .10000000E+03
   .00000000E+00    .10000000E+03
   .00000000E+00    .10000000E+03
   .48809815E-05    .55082418E+02
   .77346327E-06    .83299273E+02
   .00000000E+00    .10000000E+03
   .57594927E-07    .10000000E+03
   .00000000E+00    .10000000E+03
   .70915157E-05    .53196222E+02
   .15665559E-05    .96663383E+02
   .33166558E-07    .10000000E+03
   .00000000E+00    .10000000E+03
   .00000000E+00    .10000000E+03
   .64152399E-05    .54866445E+02
   .40094868E-05    .59530394E+02
   .19873146E-06    .10000000E+03
   .00000000E+00    .10000000E+03
   .00000000E+00    .10000000E+03
   .10251035E-04    .45351648E+02
   .14075620E-05    .75550008E+02
   .00000000E+00    .10000000E+03
   .66835941E-06    .10000000E+03
   .00000000E+00    .10000000E+03
   .17601200E-05    .67558951E+02
   .00000000E+00    .10000000E+03
   .22410671E-06    .10000000E+03
   .00000000E+00    .10000000E+03
   .00000000E+00    .10000000E+03
   .33744495E-05    .54192287E+02
   .14083099E-05    .10000000E+03
   .00000000E+00    .10000000E+03
   .00000000E+00    .10000000E+03
   .00000000E+00    .10000000E+03
   .27054849E-06    .10000000E+03
   .00000000E+00    .10000000E+03
   .00000000E+00    .10000000E+03
   .27565167E-06    .10000000E+03
   .00000000E+00    .10000000E+03
   .71538598E-05    .57624201E+02
   .19740080E-05    .10000000E+03
   .00000000E+00    .10000000E+03
   .00000000E+00    .10000000E+03
   .00000000E+00    .10000000E+03
   .28630001E-05    .55492694E+02
   .10475867E-05    .10000000E+03
   .10531008E-06    .10000000E+03
   .00000000E+00    .10000000E+03
   .00000000E+00    .10000000E+03
   .84117399E-05    .50156356E+02
   .00000000E+00    .10000000E+03
   .00000000E+00    .10000000E+03
   .54871068E-05    .10000000E+03
   .00000000E+00    .10000000E+03
   .39237625E-05    .75073456E+02
   .35070149E-06    .10000000E+03
   .00000000E+00    .10000000E+03
   .00000000E+00    .10000000E+03
   .00000000E+00    .10000000E+03
   .55838176E-05    .58768343E+02
   .18841260E-05    .87059042E+02
   .00000000E+00    .10000000E+03
   .00000000E+00    .10000000E+03
   .00000000E+00    .10000000E+03
   .29925069E-05    .66345236E+02
   .00000000E+00    .10000000E+03
   .00000000E+00    .10000000E+03
   .82321557E-06    .10000000E+03
   .00000000E+00    .10000000E+03
   .29019338E-05    .59514578E+02
   .00000000E+00    .10000000E+03
   .00000000E+00    .10000000E+03
   .00000000E+00    .10000000E+03
   .00000000E+00    .10000000E+03
   .58292366E-05    .58225481E+02
   .27517634E-06    .10000000E+03
   .00000000E+00    .10000000E+03
   .00000000E+00    .10000000E+03
   .00000000E+00    .10000000E+03
   .50788192E-05    .63305066E+02
   .93305095E-06    .10000000E+03
   .00000000E+00    .10000000E+03
   .00000000E+00    .10000000E+03
