   .61824340E-01    .95501959E+00
   .75386597E-04    .34389211E+02
   .00000000E+00    .10000000E+03
   .00000000E+00    .10000000E+03
   .39124043E-05    .70322239E+02
   .42387807E-01    .16140240E+01
   .36325424E-03    .17391809E+02
   .00000000E+00    .10000000E+03
   .00000000E+00    .10000000E+03
   .14338834E-05    .70708984E+02
   .15950823E-01    .28894494E+01
   .41343818E-03    .18196537E+02
   .10302158E-05    .10000000E+03
   .00000000E+00    .10000000E+03
   .00000000E+00    .10000000E+03
   .27455109E-03    .16915891E+02
   .36066613E-03    .19886936E+02
   .33453438E-05    .10000000E+03
   .00000000E+00    .10000000E+03
   .17276191E-05    .56692123E+02
   .00000000E+00    .10000000E+03
   .28341170E-03    .23548377E+02
   .00000000E+00    .10000000E+03
   .00000000E+00    .10000000E+03
   .70971344E-06    .10000000E+03
   .00000000E+00    .10000000E+03
   .30347437E-03    .21875382E+02
   .72433724E-05    .87986075E+02
   .00000000E+00    .10000000E+03
   .00000000E+00    .10000000E+03
   .00000000E+00    .10000000E+03
   .42358675E-03    .19824926E+02
   .33192711E-05    .95134876E+02
   .00000000E+00    .10000000E+03
   .00000000E+00    .10000000E+03
   .00000000E+00    .10000000E+03
   .35594898E-03    .20794782E+02
   .14276578E-04    .87328481E+02
   .00000000E+00    .10000000E+03
   .13278642E-05    .85678524E+02
   .00000000E+00    .10000000E+03
   .39856112E-03    .19465107E+02
   .22360933E-04    .58364587E+02
   .00000000E+00    .10000000E+03
   .79785722E-06    .10000000E+03
   .00000000E+00    .10000000E+03
   .31870498E-03    .20882807E+02
   .70990275E-05    .75832703E+02
   .00000000E+00    .10000000E+03
   .35442209E-06    .10000000E+03
   .80346880E-01    .79820911E+00
   .19676752E-03    .36281246E+02
   .00000000E+00    .10000000E+03
   .00000000E+00    .10000000E+03
   .10283585E-05    .70734207E+02
   .65565836E-01    .12201703E+01
   .45927833E-03    .14854744E+02
   .00000000E+00    .10000000E+03
   .00000000E+00    .10000000E+03
   .46287094E-05    .39893096E+02
   .23413023E-01    .22814904E+01
   .58378769E-03    .15040943E+02
   .61472581E-06    .10000000E+03
   .00000000E+00    .10000000E+03
   .13282669E-05    .71319447E+02
   .27935536E-03    .15540147E+02
   .59387456E-03    .14654009E+02
   .10955386E-04    .71116327E+02
   .00000000E+00    .10000000E+03
   .34501326E-05    .50943696E+02
   .00000000E+00    .10000000E+03
   .70278461E-03    .14091097E+02
   .66911428E-05    .59236772E+02
   .10793772E-05    .10000000E+03
   .75722742E-06    .92625660E+02
   .00000000E+00    .10000000E+03
   .63830329E-03    .15065022E+02
   .44754507E-05    .90567385E+02
   .00000000E+00    .10000000E+03
   .59937745E-05    .57115071E+02
   .00000000E+00    .10000000E+03
   .66235390E-03    .14388368E+02
   .24248259E-04    .48587913E+02
   .98895662E-06    .10000000E+03
   .96647001E-06    .99695701E+02
   .00000000E+00    .10000000E+03
   .60329960E-03    .14609610E+02
   .31417317E-04    .49537184E+02
   .34346428E-05    .10000000E+03
   .42677977E-06    .10000000E+03
   .00000000E+00    .10000000E+03
   .60717429E-03    .15689396E+02
   .23925275E-04    .46568795E+02
   .59387666E-05    .10000000E+03
   .63185527E-06    .99042182E+02
   .00000000E+00    .10000000E+03
   .54121950E-03    .16024546E+02
   .73890147E-05    .70005420E+02
   .29524442E-05    .10000000E+03
   .84317585E-06    .74071563E+02
   .49836152E-01    .10556032E+01
   .28287237E-03    .34990549E+02
   .00000000E+00    .10000000E+03
   .00000000E+00    .10000000E+03
   .52099694E-06    .98491254E+02
   .37346490E-01    .16671295E+01
   .38922760E-03    .15703151E+02
   .44465048E-05    .82649411E+02
   .00000000E+00    .10000000E+03
   .25172754E-05    .60187445E+02
   .10752836E-01    .32955199E+01
   .33106968E-03    .17670460E+02
   .10408398E-06    .10000000E+03
   .00000000E+00    .10000000E+03
   .23939843E-05    .50665705E+02
   .77115789E-04    .30522963E+02
   .34048667E-03    .17909358E+02
   .78688956E-06    .86894337E+02
   .00000000E+00    .10000000E+03
   .34698943E-05    .51748809E+02
   .00000000E+00    .10000000E+03
   .37328661E-03    .17315486E+02
   .17733889E-04    .67050810E+02
   .00000000E+00    .10000000E+03
   .14605635E-05    .69229623E+02
   .00000000E+00    .10000000E+03
   .34562131E-03    .17720636E+02
   .84805757E-05    .90947793E+02
   .00000000E+00    .10000000E+03
   .21736810E-05    .10000000E+03
   .00000000E+00    .10000000E+03
   .31493879E-03    .20359795E+02
   .58364566E-05    .75920440E+02
   .10130946E-05    .10000000E+03
   .28497654E-05    .71126827E+02
   .00000000E+00    .10000000E+03
   .26389254E-03    .19316363E+02
   .13467431E-04    .95522350E+02
   .00000000E+00    .10000000E+03
   .21265901E-05    .72688501E+02
   .00000000E+00    .10000000E+03
   .38133789E-03    .18102225E+02
   .41964190E-05    .90754017E+02
   .00000000E+00    .10000000E+03
   .18760992E-05    .74340371E+02
   .00000000E+00    .10000000E+03
   .24305261E-03    .22389967E+02
   .32012479E-04    .71379276E+02
   .00000000E+00    .10000000E+03
   .00000000E+00    .10000000E+03
   .21615896E-01    .15931149E+01
   .20150922E-03    .34522194E+02
   .00000000E+00    .10000000E+03
   .00000000E+00    .10000000E+03
   .10406754E-05    .70736012E+02
   .12745131E-01    .29440882E+01
   .18056775E-03    .19374375E+02
   .00000000E+00    .10000000E+03
   .00000000E+00    .10000000E+03
   .18933797E-05    .58210779E+02
   .24182141E-02    .67755723E+01
   .16142220E-03    .20333720E+02
   .90994299E-05    .85118772E+02
   .00000000E+00    .10000000E+03
   .72363893E-06    .80373813E+02
   .00000000E+00    .10000000E+03
   .17676693E-03    .19979712E+02
   .91516259E-05    .50543740E+02
   .00000000E+00    .10000000E+03
   .21419766E-05    .78016839E+02
   .00000000E+00    .10000000E+03
   .19560320E-03    .20351569E+02
   .10770000E-04    .69213222E+02
   .00000000E+00    .10000000E+03
   .22464975E-05    .58808736E+02
   .00000000E+00    .10000000E+03
   .22625442E-03    .18187567E+02
   .46567035E-05    .61960823E+02
   .00000000E+00    .10000000E+03
   .11668304E-06    .10000000E+03
   .00000000E+00    .10000000E+03
   .16459829E-03    .22214830E+02
   .51949410E-05    .79514583E+02
   .22393067E-05    .10000000E+03
   .95156968E-06    .82533738E+02
   .00000000E+00    .10000000E+03
   .15533289E-03    .21029734E+02
   .61416651E-05    .51800609E+02
   .00000000E+00    .10000000E+03
   .00000000E+00    .10000000E+03
   .00000000E+00    .10000000E+03
   .19996335E-03    .19735443E+02
   .29914218E-04    .47176117E+02
   .12384462E-05    .10000000E+03
   .20229485E-05    .66212459E+02
   .00000000E+00    .10000000E+03
   .12943261E-03    .23425242E+02
   .12141907E-04    .62940192E+02
   .00000000E+00    .10000000E+03
   .73829108E-07    .10000000E+03
   .71942020E-02    .27783439E+01
   .11874597E-03    .35688019E+02
   .00000000E+00    .10000000E+03
   .00000000E+00    .10000000E+03
   .00000000E+00    .10000000E+03
   .29655648E-02    .59170137E+01
   .79289516E-04    .23902500E+02
   .17171770E-05    .10000000E+03
   .00000000E+00    .10000000E+03
   .00000000E+00    .10000000E+03
   .28501857E-03    .18296088E+02
   .79977848E-04    .24957083E+02
   .35009823E-05    .75302900E+02
   .00000000E+00    .10000000E+03
   .56429053E-06    .10000000E+03
   .00000000E+00    .10000000E+03
   .12519104E-03    .21433452E+02
   .84714054E-05    .60116305E+02
   .12905889E-06    .10000000E+03
   .18472221E-05    .58798604E+02
   .00000000E+00    .10000000E+03
   .85829428E-04    .26226295E+02
   .00000000E+00    .10000000E+03
   .00000000E+00    .10000000E+03
   .60247816E-06    .99305263E+02
   .00000000E+00    .10000000E+03
   .99423112E-04    .23668000E+02
   .55782495E-06    .10000000E+03
   .00000000E+00    .10000000E+03
   .12764329E-05    .10000000E+03
   .00000000E+00    .10000000E+03
   .12922202E-03    .21195229E+02
   .41602561E-05    .72852786E+02
   .00000000E+00    .10000000E+03
   .00000000E+00    .10000000E+03
   .00000000E+00    .10000000E+03
   .93586768E-04    .23319345E+02
   .22496405E-05    .10000000E+03
   .00000000E+00    .10000000E+03
   .00000000E+00    .10000000E+03
   .00000000E+00    .10000000E+03
   .10383796E-03    .22995262E+02
   .12244926E-04    .57069944E+02
   .53394839E-07    .10000000E+03
   .10149030E-06    .10000000E+03
   .00000000E+00    .10000000E+03
   .82811441E-04    .24030627E+02
   .27832217E-05    .86589077E+02
   .00000000E+00    .10000000E+03
   .21546780E-05    .10000000E+03
   .19845741E-02    .52429550E+01
   .65902277E-04    .42410086E+02
   .00000000E+00    .10000000E+03
   .00000000E+00    .10000000E+03
   .00000000E+00    .10000000E+03
   .65743942E-03    .12679362E+02
   .61937954E-04    .26613059E+02
   .00000000E+00    .10000000E+03
   .00000000E+00    .10000000E+03
   .45547023E-07    .10000000E+03
   .27697832E-04    .44103629E+02
   .64316156E-04    .24020645E+02
   .84721577E-05    .59936788E+02
   .00000000E+00    .10000000E+03
   .14716688E-05    .73086560E+02
   .00000000E+00    .10000000E+03
   .83115117E-04    .22478657E+02
   .24175552E-05    .60088562E+02
   .00000000E+00    .10000000E+03
   .00000000E+00    .10000000E+03
   .00000000E+00    .10000000E+03
   .48583670E-04    .29967129E+02
   .00000000E+00    .10000000E+03
   .00000000E+00    .10000000E+03
   .00000000E+00    .10000000E+03
   .00000000E+00    .10000000E+03
   .31979220E-04    .28366206E+02
   .44083991E-05    .10000000E+03
   .00000000E+00    .10000000E+03
   .00000000E+00    .10000000E+03
   .00000000E+00    .10000000E+03
   .45530665E-04    .32015623E+02
   .43765727E-05    .59361785E+02
   .00000000E+00    .10000000E+03
   .00000000E+00    .10000000E+03
   .00000000E+00    .10000000E+03
   .10143815E-03    .20769075E+02
   .76082391E-05    .65403281E+02
   .00000000E+00    .10000000E+03
   .00000000E+00    .10000000E+03
   .00000000E+00    .10000000E+03
   .45250228E-04    .27104853E+02
   .23667898E-04    .62065006E+02
   .00000000E+00    .10000000E+03
   .95320184E-06    .78598492E+02
   .00000000E+00    .10000000E+03
   .47210328E-04    .28704243E+02
   .10883161E-04    .50036344E+02
   .22493884E-05    .10000000E+03
   .71160645E-06    .10000000E+03
   .50330700E-03    .10198922E+02
   .37324799E-04    .42226996E+02
   .00000000E+00    .10000000E+03
   .00000000E+00    .10000000E+03
   .51898106E-06    .10000000E+03
   .18215990E-03    .24281598E+02
   .19583273E-04    .42965725E+02
   .37303594E-05    .65921880E+02
   .00000000E+00    .10000000E+03
   .00000000E+00    .10000000E+03
   .26480618E-04    .71546938E+02
   .24346811E-04    .36407829E+02
   .70517191E-05    .69375656E+02
   .16121882E-06    .10000000E+03
   .56600417E-06    .10000000E+03
   .00000000E+00    .10000000E+03
   .27203642E-04    .33724866E+02
   .27796479E-05    .95112067E+02
   .00000000E+00    .10000000E+03
   .00000000E+00    .10000000E+03
   .00000000E+00    .10000000E+03
   .59699418E-04    .25937066E+02
   .81412340E-05    .61847360E+02
   .00000000E+00    .10000000E+03
   .89364193E-06    .10000000E+03
   .00000000E+00    .10000000E+03
   .18188481E-04    .35172946E+02
   .25993948E-05    .10000000E+03
   .14125065E-05    .10000000E+03
   .00000000E+00    .10000000E+03
   .00000000E+00    .10000000E+03
   .23855779E-04    .35797649E+02
   .25879505E-05    .73301109E+02
   .00000000E+00    .10000000E+03
   .71325252E-06    .10000000E+03
   .00000000E+00    .10000000E+03
   .32576912E-04    .33220177E+02
   .16835317E-06    .10000000E+03
   .00000000E+00    .10000000E+03
   .00000000E+00    .10000000E+03
   .00000000E+00    .10000000E+03
   .21072314E-04    .37831350E+02
   .62900803E-05    .72308130E+02
   .00000000E+00    .10000000E+03
   .74078151E-06    .10000000E+03
   .00000000E+00    .10000000E+03
   .31153862E-04    .33556900E+02
   .26443708E-05    .10000000E+03
   .00000000E+00    .10000000E+03
   .00000000E+00    .10000000E+03
   .91779755E-04    .24178766E+02
   .11133330E-04    .49237871E+02
   .00000000E+00    .10000000E+03
   .00000000E+00    .10000000E+03
   .00000000E+00    .10000000E+03
   .62925449E-04    .43419059E+02
   .20354603E-04    .40129444E+02
   .00000000E+00    .10000000E+03
   .00000000E+00    .10000000E+03
   .00000000E+00    .10000000E+03
   .68280775E-05    .10000000E+03
   .29246564E-04    .33204378E+02
   .00000000E+00    .10000000E+03
   .00000000E+00    .10000000E+03
   .00000000E+00    .10000000E+03
   .00000000E+00    .10000000E+03
   .94749536E-05    .64184899E+02
   .00000000E+00    .10000000E+03
   .00000000E+00    .10000000E+03
   .00000000E+00    .10000000E+03
   .00000000E+00    .10000000E+03
   .20709371E-04    .43553831E+02
   .00000000E+00    .10000000E+03
   .00000000E+00    .10000000E+03
   .00000000E+00    .10000000E+03
   .00000000E+00    .10000000E+03
   .15001538E-04    .50441979E+02
   .00000000E+00    .10000000E+03
   .00000000E+00    .10000000E+03
   .00000000E+00    .10000000E+03
   .00000000E+00    .10000000E+03
   .17006653E-04    .41028783E+02
   .00000000E+00    .10000000E+03
   .00000000E+00    .10000000E+03
   .00000000E+00    .10000000E+03
   .00000000E+00    .10000000E+03
   .52463847E-05    .76861725E+02
   .41856635E-05    .10000000E+03
   .12034886E-05    .10000000E+03
   .00000000E+00    .10000000E+03
   .00000000E+00    .10000000E+03
   .87403258E-05    .63308317E+02
   .24935040E-05    .10000000E+03
   .50723454E-06    .10000000E+03
   .00000000E+00    .10000000E+03
   .00000000E+00    .10000000E+03
   .21144518E-04    .41273537E+02
   .00000000E+00    .10000000E+03
   .00000000E+00    .10000000E+03
   .00000000E+00    .10000000E+03
