   .40862557E-01    .71411208E+00
   .52392851E-04    .26331917E+02
   .00000000E+00    .10000000E+03
   .00000000E+00    .10000000E+03
   .25353440E-06    .10000000E+03
   .38149480E-01    .90672442E+00
   .12854212E-03    .18925595E+02
   .00000000E+00    .10000000E+03
   .00000000E+00    .10000000E+03
   .11918626E-05    .50268259E+02
   .32520325E-01    .11479992E+01
   .23130743E-03    .15276955E+02
   .98728073E-06    .10000000E+03
   .00000000E+00    .10000000E+03
   .47400459E-05    .49831604E+02
   .26814611E-01    .14240089E+01
   .33701382E-03    .14817234E+02
   .00000000E+00    .10000000E+03
   .00000000E+00    .10000000E+03
   .10401541E-04    .42117798E+02
   .21957189E-01    .17606595E+01
   .35513452E-03    .13664602E+02
   .00000000E+00    .10000000E+03
   .79525805E-06    .10000000E+03
   .29676238E-05    .36288728E+02
   .16866839E-01    .21871394E+01
   .40944946E-03    .13621567E+02
   .00000000E+00    .10000000E+03
   .00000000E+00    .10000000E+03
   .34531794E-05    .38471936E+02
   .99012743E-02    .29390717E+01
   .40052524E-03    .14448654E+02
   .00000000E+00    .10000000E+03
   .00000000E+00    .10000000E+03
   .16928928E-05    .48064449E+02
   .34170856E-02    .48677773E+01
   .39536230E-03    .15212834E+02
   .41843568E-05    .89681640E+02
   .00000000E+00    .10000000E+03
   .31909171E-05    .42700849E+02
   .37050343E-03    .13526585E+02
   .37661779E-03    .15037230E+02
   .23337197E-04    .77192560E+02
   .00000000E+00    .10000000E+03
   .70926910E-05    .89873282E+02
   .44233756E-05    .71042980E+02
   .33004563E-03    .15107774E+02
   .17432370E-04    .66342616E+02
   .00000000E+00    .10000000E+03
   .38255611E-05    .53522603E+02
   .33314460E-01    .87228648E+00
   .93794534E-04    .20662990E+02
   .00000000E+00    .10000000E+03
   .00000000E+00    .10000000E+03
   .60707893E-06    .70881640E+02
   .34104001E-01    .10472826E+01
   .26695982E-03    .14215584E+02
   .00000000E+00    .10000000E+03
   .00000000E+00    .10000000E+03
   .33137701E-05    .36633360E+02
   .35238404E-01    .11391429E+01
   .38503262E-03    .13070412E+02
   .00000000E+00    .10000000E+03
   .00000000E+00    .10000000E+03
   .40705261E-05    .37959134E+02
   .34177248E-01    .12882544E+01
   .46894413E-03    .12082996E+02
   .31791755E-05    .88920321E+02
   .00000000E+00    .10000000E+03
   .11913350E-04    .50795433E+02
   .30292785E-01    .14805437E+01
   .46724398E-03    .12647033E+02
   .56719817E-05    .83341837E+02
   .14481072E-05    .74708543E+02
   .10260847E-04    .40192057E+02
   .23768687E-01    .18123669E+01
   .58953503E-03    .11751678E+02
   .17272046E-04    .59562426E+02
   .00000000E+00    .10000000E+03
   .81654901E-05    .38309464E+02
   .13585014E-01    .24936425E+01
   .56058114E-03    .12361528E+02
   .66400819E-05    .56383526E+02
   .00000000E+00    .10000000E+03
   .52735036E-05    .31369509E+02
   .41473983E-02    .43712955E+01
   .56364741E-03    .11306569E+02
   .36321637E-04    .61298867E+02
   .00000000E+00    .10000000E+03
   .49711981E-05    .52417697E+02
   .41636789E-03    .12253446E+02
   .62873958E-03    .11364970E+02
   .62964248E-05    .72847459E+02
   .29544956E-05    .77851791E+02
   .66228670E-05    .36024697E+02
   .41449142E-05    .10000000E+03
   .49904110E-03    .12534744E+02
   .27762726E-04    .60517041E+02
   .10258516E-04    .10000000E+03
   .77886074E-05    .56548825E+02
   .16051735E-01    .14734884E+01
   .10909601E-03    .22450208E+02
   .00000000E+00    .10000000E+03
   .00000000E+00    .10000000E+03
   .00000000E+00    .10000000E+03
   .14712087E-01    .18753282E+01
   .22956433E-03    .15606176E+02
   .00000000E+00    .10000000E+03
   .00000000E+00    .10000000E+03
   .56477370E-05    .94475412E+02
   .15399881E-01    .19818405E+01
   .32364445E-03    .14450145E+02
   .59200501E-05    .60461339E+02
   .80458651E-07    .10000000E+03
   .98577969E-05    .60232719E+02
   .15816592E-01    .21307335E+01
   .26820177E-03    .16004557E+02
   .28113332E-06    .10000000E+03
   .00000000E+00    .10000000E+03
   .10637074E-05    .59255939E+02
   .13647726E-01    .24123849E+01
   .27717806E-03    .16105420E+02
   .27285447E-06    .10000000E+03
   .00000000E+00    .10000000E+03
   .46186491E-05    .74414376E+02
   .96539345E-02    .29817375E+01
   .32142960E-03    .13453209E+02
   .17173477E-04    .66511204E+02
   .11077117E-05    .75887534E+02
   .27840600E-05    .49472857E+02
   .42535105E-02    .43868063E+01
   .32384285E-03    .14633109E+02
   .78160919E-05    .67249524E+02
   .00000000E+00    .10000000E+03
   .88526958E-05    .59798023E+02
   .85821759E-03    .94265147E+01
   .29706223E-03    .15640415E+02
   .15746002E-04    .63446855E+02
   .00000000E+00    .10000000E+03
   .15236167E-04    .57569527E+02
   .61263776E-04    .31486837E+02
   .14629048E-03    .19969772E+02
   .17181163E-04    .51623287E+02
   .00000000E+00    .10000000E+03
   .10194766E-04    .63007319E+02
   .00000000E+00    .10000000E+03
   .19137753E-03    .20609622E+02
   .15972824E-04    .45365777E+02
   .49776159E-06    .10000000E+03
   .35196962E-05    .50185381E+02
   .65218300E-02    .22357583E+01
   .98824140E-04    .21625062E+02
   .00000000E+00    .10000000E+03
   .00000000E+00    .10000000E+03
   .31643538E-06    .10000000E+03
   .59430973E-02    .30648131E+01
   .14825917E-03    .19286505E+02
   .41431800E-05    .71018989E+02
   .00000000E+00    .10000000E+03
   .30964854E-05    .60987660E+02
   .53356593E-02    .35982169E+01
   .11267056E-03    .20696179E+02
   .11099093E-05    .72018503E+02
   .00000000E+00    .10000000E+03
   .00000000E+00    .10000000E+03
   .48576711E-02    .40226545E+01
   .15334886E-03    .20158793E+02
   .25816270E-05    .78259208E+02
   .00000000E+00    .10000000E+03
   .10270161E-04    .78722102E+02
   .33947641E-02    .50145965E+01
   .10704988E-03    .22656429E+02
   .38363966E-05    .68179660E+02
   .00000000E+00    .10000000E+03
   .85369705E-05    .58064826E+02
   .19509720E-02    .65675308E+01
   .12578484E-03    .19558979E+02
   .12095137E-05    .77746067E+02
   .00000000E+00    .10000000E+03
   .13337331E-05    .63100500E+02
   .62497359E-03    .11219233E+02
   .17157789E-03    .18055106E+02
   .85161990E-05    .71224572E+02
   .00000000E+00    .10000000E+03
   .66023148E-06    .99370639E+02
   .87073795E-04    .25290704E+02
   .14152066E-03    .19868251E+02
   .24235330E-05    .62055201E+02
   .00000000E+00    .10000000E+03
   .77865241E-05    .68869459E+02
   .00000000E+00    .10000000E+03
   .79911713E-04    .23820862E+02
   .79570818E-05    .75012517E+02
   .00000000E+00    .10000000E+03
   .10332404E-05    .64090694E+02
   .00000000E+00    .10000000E+03
   .81583651E-04    .22358682E+02
   .60054027E-05    .90817862E+02
   .00000000E+00    .10000000E+03
   .12097264E-05    .93656060E+02
   .21852947E-02    .36591355E+01
   .87011934E-04    .25604563E+02
   .20671408E-06    .10000000E+03
   .00000000E+00    .10000000E+03
   .27233622E-05    .91202437E+02
   .18045269E-02    .55253832E+01
   .81603222E-04    .22008647E+02
   .00000000E+00    .10000000E+03
   .00000000E+00    .10000000E+03
   .11470373E-05    .71698300E+02
   .13571225E-02    .71351968E+01
   .54024525E-04    .24701130E+02
   .00000000E+00    .10000000E+03
   .00000000E+00    .10000000E+03
   .10994112E-05    .52177402E+02
   .83449456E-03    .95337449E+01
   .55200705E-04    .24179130E+02
   .84692517E-05    .64385493E+02
   .00000000E+00    .10000000E+03
   .41830851E-05    .58539924E+02
   .64438627E-03    .11423681E+02
   .57191521E-04    .24716809E+02
   .47769484E-05    .56851323E+02
   .00000000E+00    .10000000E+03
   .29888622E-05    .78244425E+02
   .31061200E-03    .16538227E+02
   .57067093E-04    .22220507E+02
   .19131717E-05    .10000000E+03
   .00000000E+00    .10000000E+03
   .48680968E-06    .75504767E+02
   .40795712E-04    .40020653E+02
   .52454560E-04    .25532125E+02
   .54502635E-05    .51298777E+02
   .00000000E+00    .10000000E+03
   .18790917E-05    .52925091E+02
   .00000000E+00    .10000000E+03
   .57779315E-04    .24417151E+02
   .52973702E-05    .49315702E+02
   .00000000E+00    .10000000E+03
   .48471387E-05    .99283902E+02
   .00000000E+00    .10000000E+03
   .47886128E-04    .27521139E+02
   .63379144E-06    .10000000E+03
   .10062961E-05    .10000000E+03
   .42959277E-05    .64538103E+02
   .00000000E+00    .10000000E+03
   .46850874E-04    .27424277E+02
   .70496882E-05    .59048756E+02
   .19269480E-05    .10000000E+03
   .66586078E-05    .70752140E+02
   .71173198E-03    .64968423E+01
   .41869443E-04    .41995832E+02
   .10970528E-05    .10000000E+03
   .00000000E+00    .10000000E+03
   .22698443E-05    .87962055E+02
   .45603387E-03    .11306985E+02
   .32342000E-04    .25136589E+02
   .51093150E-06    .10000000E+03
   .00000000E+00    .10000000E+03
   .25520478E-05    .96415706E+02
   .30483386E-03    .14709248E+02
   .30332898E-04    .28244390E+02
   .57959565E-06    .77474532E+02
   .00000000E+00    .10000000E+03
   .11249584E-05    .84599476E+02
   .13603672E-03    .24262273E+02
   .37454002E-04    .25785833E+02
   .18215985E-05    .10000000E+03
   .00000000E+00    .10000000E+03
   .79156535E-06    .71056992E+02
   .98543374E-04    .33600351E+02
   .24670536E-04    .29707084E+02
   .69844352E-06    .10000000E+03
   .00000000E+00    .10000000E+03
   .25603764E-05    .73132057E+02
   .10944532E-04    .70710029E+02
   .31883160E-04    .27596521E+02
   .11074243E-05    .85010859E+02
   .00000000E+00    .10000000E+03
   .19230263E-05    .73014291E+02
   .79836785E-05    .10000000E+03
   .49718253E-04    .22846102E+02
   .79281582E-07    .10000000E+03
   .26730028E-05    .10000000E+03
   .12972867E-07    .10000000E+03
   .00000000E+00    .10000000E+03
   .17519142E-04    .38628776E+02
   .33873874E-06    .10000000E+03
   .00000000E+00    .10000000E+03
   .48333328E-05    .69504474E+02
   .00000000E+00    .10000000E+03
   .28809478E-04    .28368247E+02
   .31058464E-05    .60230473E+02
   .16570481E-05    .68982222E+02
   .21907000E-05    .79579431E+02
   .00000000E+00    .10000000E+03
   .40671658E-04    .25347788E+02
   .15050226E-05    .73534720E+02
   .00000000E+00    .10000000E+03
   .25157272E-05    .77960003E+02
   .22136920E-03    .11762371E+02
   .15295887E-04    .41980319E+02
   .00000000E+00    .10000000E+03
   .18627069E-05    .10000000E+03
   .00000000E+00    .10000000E+03
   .13794081E-03    .19592674E+02
   .11744238E-04    .43288386E+02
   .00000000E+00    .10000000E+03
   .00000000E+00    .10000000E+03
   .38657653E-05    .10000000E+03
   .11447878E-03    .26842889E+02
   .10018712E-04    .42775266E+02
   .39722156E-05    .64793861E+02
   .00000000E+00    .10000000E+03
   .00000000E+00    .10000000E+03
   .21138512E-04    .41496826E+02
   .94460488E-05    .42490213E+02
   .16298850E-05    .10000000E+03
   .00000000E+00    .10000000E+03
   .00000000E+00    .10000000E+03
   .21969276E-05    .10000000E+03
   .14172320E-04    .39176333E+02
   .42849396E-06    .10000000E+03
   .69699929E-06    .10000000E+03
   .16604559E-05    .10000000E+03
   .00000000E+00    .10000000E+03
   .15818503E-04    .33735004E+02
   .22547600E-05    .10000000E+03
   .00000000E+00    .10000000E+03
   .64104511E-05    .95360686E+02
   .00000000E+00    .10000000E+03
   .16828348E-04    .34023324E+02
   .16248735E-05    .90085330E+02
   .00000000E+00    .10000000E+03
   .00000000E+00    .10000000E+03
   .00000000E+00    .10000000E+03
   .25420373E-04    .28903968E+02
   .22175643E-05    .10000000E+03
   .00000000E+00    .10000000E+03
   .28446103E-05    .66822825E+02
   .00000000E+00    .10000000E+03
   .17488283E-04    .33865586E+02
   .00000000E+00    .10000000E+03
   .00000000E+00    .10000000E+03
   .00000000E+00    .10000000E+03
   .00000000E+00    .10000000E+03
   .14841857E-04    .38273053E+02
   .70406369E-06    .10000000E+03
   .00000000E+00    .10000000E+03
   .43843674E-06    .10000000E+03
   .90388349E-04    .22770127E+02
   .10403201E-05    .10000000E+03
   .55737212E-07    .10000000E+03
   .00000000E+00    .10000000E+03
   .00000000E+00    .10000000E+03
   .38714148E-04    .36806975E+02
   .54689005E-05    .61952914E+02
   .00000000E+00    .10000000E+03
   .00000000E+00    .10000000E+03
   .00000000E+00    .10000000E+03
   .20689429E-04    .67915959E+02
   .38586500E-05    .60882988E+02
   .00000000E+00    .10000000E+03
   .00000000E+00    .10000000E+03
   .00000000E+00    .10000000E+03
   .00000000E+00    .10000000E+03
   .43527057E-05    .54738589E+02
   .00000000E+00    .10000000E+03
   .00000000E+00    .10000000E+03
   .26934028E-05    .10000000E+03
   .00000000E+00    .10000000E+03
   .38717575E-05    .75619652E+02
   .00000000E+00    .10000000E+03
   .00000000E+00    .10000000E+03
   .00000000E+00    .10000000E+03
   .00000000E+00    .10000000E+03
   .11590033E-04    .41388580E+02
   .43201406E-06    .10000000E+03
   .00000000E+00    .10000000E+03
   .00000000E+00    .10000000E+03
   .00000000E+00    .10000000E+03
   .52535456E-05    .65465406E+02
   .29687777E-06    .10000000E+03
   .00000000E+00    .10000000E+03
   .00000000E+00    .10000000E+03
   .00000000E+00    .10000000E+03
   .58255673E-05    .56727225E+02
   .49095562E-06    .10000000E+03
   .00000000E+00    .10000000E+03
   .00000000E+00    .10000000E+03
   .00000000E+00    .10000000E+03
   .21447216E-06    .10000000E+03
   .25909389E-05    .10000000E+03
   .00000000E+00    .10000000E+03
   .00000000E+00    .10000000E+03
   .00000000E+00    .10000000E+03
   .59117590E-05    .56207872E+02
   .00000000E+00    .10000000E+03
   .00000000E+00    .10000000E+03
   .00000000E+00    .10000000E+03
