   .61982613E-01    .94870660E+00
   .96288502E-04    .35771911E+02
   .00000000E+00    .10000000E+03
   .00000000E+00    .10000000E+03
   .34169285E-05    .59223616E+02
   .42736489E-01    .16069017E+01
   .24610537E-03    .18743499E+02
   .00000000E+00    .10000000E+03
   .00000000E+00    .10000000E+03
   .56170781E-05    .76239652E+02
   .15635729E-01    .29035574E+01
   .37733867E-03    .18649216E+02
   .00000000E+00    .10000000E+03
   .00000000E+00    .10000000E+03
   .20838887E-05    .58727291E+02
   .23548464E-03    .17395639E+02
   .22750320E-03    .19610939E+02
   .49693213E-05    .10000000E+03
   .00000000E+00    .10000000E+03
   .14921896E-05    .67399464E+02
   .10600713E-04    .10000000E+03
   .34321700E-03    .21889966E+02
   .34141096E-04    .73123224E+02
   .00000000E+00    .10000000E+03
   .81425076E-06    .94264061E+02
   .00000000E+00    .10000000E+03
   .29111964E-03    .20511565E+02
   .23856388E-04    .85813749E+02
   .24982059E-06    .10000000E+03
   .13592636E-05    .74982331E+02
   .00000000E+00    .10000000E+03
   .41521772E-03    .21456708E+02
   .35727723E-05    .10000000E+03
   .00000000E+00    .10000000E+03
   .00000000E+00    .10000000E+03
   .00000000E+00    .10000000E+03
   .33866207E-03    .19614090E+02
   .15660215E-04    .81018549E+02
   .00000000E+00    .10000000E+03
   .00000000E+00    .10000000E+03
   .00000000E+00    .10000000E+03
   .44619118E-03    .17884772E+02
   .10490922E-04    .86979075E+02
   .00000000E+00    .10000000E+03
   .10714870E-05    .95064141E+02
   .00000000E+00    .10000000E+03
   .35711568E-03    .19677795E+02
   .36536627E-04    .76567719E+02
   .00000000E+00    .10000000E+03
   .00000000E+00    .10000000E+03
   .00000000E+00    .10000000E+03
   .52965118E-03    .18317620E+02
   .33473103E-05    .10000000E+03
   .00000000E+00    .10000000E+03
   .77556843E-06    .10000000E+03
   .00000000E+00    .10000000E+03
   .33843134E-03    .19031543E+02
   .96041557E-05    .70725457E+02
   .31789833E-05    .10000000E+03
   .36954057E-06    .10000000E+03
   .00000000E+00    .10000000E+03
   .47914739E-03    .18038857E+02
   .24935099E-04    .72517265E+02
   .00000000E+00    .10000000E+03
   .00000000E+00    .10000000E+03
   .00000000E+00    .10000000E+03
   .37401196E-03    .21136321E+02
   .43080685E-04    .49830517E+02
   .00000000E+00    .10000000E+03
   .00000000E+00    .10000000E+03
   .00000000E+00    .10000000E+03
   .32062478E-03    .22508461E+02
   .93243870E-05    .72669119E+02
   .00000000E+00    .10000000E+03
   .11900291E-05    .10000000E+03
   .00000000E+00    .10000000E+03
   .31281534E-03    .21944611E+02
   .43211907E-04    .58381698E+02
   .10728349E-05    .10000000E+03
   .00000000E+00    .10000000E+03
   .00000000E+00    .10000000E+03
   .35097047E-03    .21541623E+02
   .15110871E-04    .59493329E+02
   .61864434E-06    .10000000E+03
   .00000000E+00    .10000000E+03
   .00000000E+00    .10000000E+03
   .49039989E-03    .18999584E+02
   .79535449E-05    .71449586E+02
   .00000000E+00    .10000000E+03
   .00000000E+00    .10000000E+03
   .00000000E+00    .10000000E+03
   .34045835E-03    .21889870E+02
   .21090412E-04    .90065347E+02
   .00000000E+00    .10000000E+03
   .29696979E-07    .10000000E+03
   .00000000E+00    .10000000E+03
   .38705821E-03    .20650583E+02
   .37590187E-04    .49569013E+02
   .54885047E-05    .10000000E+03
   .00000000E+00    .10000000E+03
   .80752231E-01    .78960505E+00
   .21078389E-03    .35132457E+02
   .00000000E+00    .10000000E+03
   .00000000E+00    .10000000E+03
   .20010040E-05    .78464457E+02
   .67158888E-01    .12004286E+01
   .54295916E-03    .13602622E+02
   .56245158E-05    .71436490E+02
   .00000000E+00    .10000000E+03
   .42272353E-05    .38069982E+02
   .24316121E-01    .22213607E+01
   .58143592E-03    .15727438E+02
   .15770158E-05    .10000000E+03
   .00000000E+00    .10000000E+03
   .70737599E-05    .35909410E+02
   .33324614E-03    .14188804E+02
   .68097378E-03    .14277780E+02
   .52828463E-05    .62855845E+02
   .00000000E+00    .10000000E+03
   .17260867E-05    .66078277E+02
   .00000000E+00    .10000000E+03
   .58971858E-03    .14746976E+02
   .32215776E-04    .62907546E+02
   .86283236E-07    .10000000E+03
   .13699522E-05    .83860706E+02
   .00000000E+00    .10000000E+03
   .52766769E-03    .15703910E+02
   .37930688E-04    .50008091E+02
   .66389244E-06    .10000000E+03
   .15310740E-05    .65387309E+02
   .00000000E+00    .10000000E+03
   .62116514E-03    .15272183E+02
   .99182808E-05    .92603542E+02
   .29921069E-05    .10000000E+03
   .22052337E-05    .58125815E+02
   .00000000E+00    .10000000E+03
   .63421249E-03    .13959748E+02
   .23459564E-04    .56044940E+02
   .72683257E-07    .10000000E+03
   .71330697E-06    .10000000E+03
   .00000000E+00    .10000000E+03
   .64010399E-03    .14424705E+02
   .34793484E-04    .55859798E+02
   .00000000E+00    .10000000E+03
   .10653652E-05    .99103401E+02
   .00000000E+00    .10000000E+03
   .63385349E-03    .15812802E+02
   .46322979E-04    .40902917E+02
   .00000000E+00    .10000000E+03
   .00000000E+00    .10000000E+03
   .00000000E+00    .10000000E+03
   .43527581E-03    .17999614E+02
   .45282782E-04    .43971366E+02
   .00000000E+00    .10000000E+03
   .83129587E-06    .10000000E+03
   .00000000E+00    .10000000E+03
   .53548778E-03    .16616920E+02
   .46821159E-04    .64559275E+02
   .00000000E+00    .10000000E+03
   .00000000E+00    .10000000E+03
   .00000000E+00    .10000000E+03
   .47836088E-03    .16098315E+02
   .13159665E-04    .48284120E+02
   .00000000E+00    .10000000E+03
   .00000000E+00    .10000000E+03
   .00000000E+00    .10000000E+03
   .68209079E-03    .15917728E+02
   .35212515E-04    .41266637E+02
   .36409700E-05    .75377078E+02
   .00000000E+00    .10000000E+03
   .00000000E+00    .10000000E+03
   .55877876E-03    .15981243E+02
   .15632395E-04    .54104375E+02
   .11778059E-04    .10000000E+03
   .11054527E-05    .84984530E+02
   .00000000E+00    .10000000E+03
   .69168032E-03    .14498373E+02
   .29719470E-04    .60035260E+02
   .24332582E-05    .71829484E+02
   .00000000E+00    .10000000E+03
   .00000000E+00    .10000000E+03
   .55851451E-03    .16335401E+02
   .53788063E-04    .45634550E+02
   .54979767E-06    .88002147E+02
   .00000000E+00    .10000000E+03
   .00000000E+00    .10000000E+03
   .51934592E-03    .16579181E+02
   .42442701E-04    .35746479E+02
   .27381879E-05    .62275192E+02
   .20933571E-05    .71853841E+02
   .00000000E+00    .10000000E+03
   .44011703E-03    .17776515E+02
   .74563638E-04    .43165045E+02
   .65972423E-05    .68788672E+02
   .11327185E-06    .10000000E+03
   .00000000E+00    .10000000E+03
   .58926183E-03    .16230248E+02
   .51474723E-04    .45287423E+02
   .39216654E-05    .99296844E+02
   .00000000E+00    .10000000E+03
   .49066341E-01    .10648758E+01
   .21292135E-03    .34321838E+02
   .00000000E+00    .10000000E+03
   .00000000E+00    .10000000E+03
   .25383148E-05    .50592099E+02
   .36737511E-01    .16872388E+01
   .33942837E-03    .17174205E+02
   .91543075E-06    .10000000E+03
   .00000000E+00    .10000000E+03
   .95736561E-05    .52040484E+02
   .10465441E-01    .33487551E+01
   .31397697E-03    .18160403E+02
   .00000000E+00    .10000000E+03
   .00000000E+00    .10000000E+03
   .29373560E-05    .45620806E+02
   .69922755E-04    .33354170E+02
   .37773056E-03    .16388422E+02
   .44936035E-05    .84384076E+02
   .00000000E+00    .10000000E+03
   .91254372E-06    .10000000E+03
   .00000000E+00    .10000000E+03
   .28451756E-03    .18891735E+02
   .93870820E-05    .49337190E+02
   .00000000E+00    .10000000E+03
   .23669149E-05    .57010803E+02
   .00000000E+00    .10000000E+03
   .48078976E-03    .15389875E+02
   .19112065E-04    .73799409E+02
   .97388836E-07    .10000000E+03
   .30962167E-05    .50690039E+02
   .00000000E+00    .10000000E+03
   .43688711E-03    .16122650E+02
   .67625562E-05    .52957933E+02
   .00000000E+00    .10000000E+03
   .34045793E-05    .50752669E+02
   .00000000E+00    .10000000E+03
   .31184774E-03    .19314826E+02
   .24701798E-04    .49515922E+02
   .00000000E+00    .10000000E+03
   .11345104E-05    .70723249E+02
   .00000000E+00    .10000000E+03
   .27149496E-03    .18425112E+02
   .13246403E-04    .76856206E+02
   .00000000E+00    .10000000E+03
   .00000000E+00    .10000000E+03
   .00000000E+00    .10000000E+03
   .25929706E-03    .19969081E+02
   .96342198E-05    .50151473E+02
   .10663245E-05    .10000000E+03
   .32746641E-05    .58435788E+02
   .00000000E+00    .10000000E+03
   .31032881E-03    .19541474E+02
   .22972771E-04    .71576372E+02
   .76161984E-06    .10000000E+03
   .67821683E-06    .78680208E+02
   .00000000E+00    .10000000E+03
   .22113024E-03    .23040080E+02
   .20481424E-04    .41221387E+02
   .44503384E-05    .78842556E+02
   .12257430E-05    .71672521E+02
   .00000000E+00    .10000000E+03
   .26702785E-03    .18572074E+02
   .36454332E-04    .44418481E+02
   .52430467E-05    .73440394E+02
   .74309063E-06    .10000000E+03
   .00000000E+00    .10000000E+03
   .41111255E-03    .17753299E+02
   .25717745E-04    .78190947E+02
   .34671750E-05    .10000000E+03
   .15587957E-05    .73922498E+02
   .00000000E+00    .10000000E+03
   .35305887E-03    .18706894E+02
   .23619967E-04    .54427076E+02
   .00000000E+00    .10000000E+03
   .00000000E+00    .10000000E+03
   .00000000E+00    .10000000E+03
   .32605262E-03    .18603953E+02
   .18313907E-04    .65206964E+02
   .50279244E-06    .60588462E+02
   .00000000E+00    .10000000E+03
   .00000000E+00    .10000000E+03
   .29295548E-03    .19425788E+02
   .15871712E-04    .49253756E+02
   .30924761E-05    .63410150E+02
   .00000000E+00    .10000000E+03
   .00000000E+00    .10000000E+03
   .27458352E-03    .20827307E+02
   .17667524E-04    .44321257E+02
   .24365241E-05    .10000000E+03
   .28775803E-05    .10000000E+03
   .00000000E+00    .10000000E+03
   .21938389E-03    .21563892E+02
   .42153731E-04    .43842239E+02
   .34997259E-05    .73258979E+02
   .00000000E+00    .10000000E+03
   .00000000E+00    .10000000E+03
   .23288952E-03    .19959556E+02
   .32771196E-04    .46670065E+02
   .66010126E-06    .10000000E+03
   .98031207E-06    .10000000E+03
   .21396352E-01    .16023700E+01
   .19860113E-03    .34706820E+02
   .00000000E+00    .10000000E+03
   .00000000E+00    .10000000E+03
   .18019660E-05    .57956036E+02
   .12571308E-01    .29573175E+01
   .19939600E-03    .18823971E+02
   .43205383E-05    .74064666E+02
   .00000000E+00    .10000000E+03
   .00000000E+00    .10000000E+03
   .22919847E-02    .68593845E+01
   .17358994E-03    .20690683E+02
   .31125887E-05    .76147387E+02
   .00000000E+00    .10000000E+03
   .86309334E-06    .87318671E+02
   .00000000E+00    .10000000E+03
   .19037375E-03    .19813507E+02
   .76858674E-05    .68963426E+02
   .00000000E+00    .10000000E+03
   .19634658E-05    .57957478E+02
   .00000000E+00    .10000000E+03
   .16806128E-03    .21225185E+02
   .27349015E-04    .45826407E+02
   .23099194E-06    .10000000E+03
   .00000000E+00    .10000000E+03
   .00000000E+00    .10000000E+03
   .20436173E-03    .20053126E+02
   .19674163E-04    .55162820E+02
   .17313532E-06    .10000000E+03
   .77303157E-08    .10000000E+03
   .00000000E+00    .10000000E+03
   .22623920E-03    .18764647E+02
   .20838265E-04    .38679941E+02
   .67048914E-06    .10000000E+03
   .27779194E-05    .56147557E+02
   .00000000E+00    .10000000E+03
   .18364964E-03    .21353222E+02
   .23350725E-04    .48495103E+02
   .76774817E-07    .10000000E+03
   .00000000E+00    .10000000E+03
   .00000000E+00    .10000000E+03
   .11585171E-03    .24882147E+02
   .12694828E-04    .50778622E+02
   .34842313E-06    .10000000E+03
   .00000000E+00    .10000000E+03
   .00000000E+00    .10000000E+03
   .12190951E-03    .26176729E+02
   .12757885E-04    .53880719E+02
   .55592954E-06    .10000000E+03
   .18147845E-05    .69317295E+02
   .00000000E+00    .10000000E+03
   .14403785E-03    .22771601E+02
   .14760138E-04    .49646174E+02
   .95938971E-06    .79408938E+02
   .24028313E-06    .87755239E+02
   .00000000E+00    .10000000E+03
   .17393683E-03    .20763062E+02
   .11532881E-04    .69220397E+02
   .39598371E-05    .58784919E+02
   .29487558E-05    .69108719E+02
   .00000000E+00    .10000000E+03
   .18081133E-03    .21595134E+02
   .31457752E-04    .40835648E+02
   .71042047E-05    .61871252E+02
   .00000000E+00    .10000000E+03
   .00000000E+00    .10000000E+03
   .16557300E-03    .22047518E+02
   .11727585E-04    .90130429E+02
   .24045890E-05    .10000000E+03
   .00000000E+00    .10000000E+03
   .00000000E+00    .10000000E+03
   .17845078E-03    .19351202E+02
   .39668147E-04    .42389954E+02
   .00000000E+00    .10000000E+03
   .96710669E-06    .10000000E+03
   .00000000E+00    .10000000E+03
   .12655148E-03    .25287456E+02
   .22611379E-04    .37536207E+02
   .00000000E+00    .10000000E+03
   .00000000E+00    .10000000E+03
   .00000000E+00    .10000000E+03
   .13121127E-03    .24693144E+02
   .29970821E-04    .38486013E+02
   .14275473E-05    .75821794E+02
   .00000000E+00    .10000000E+03
   .00000000E+00    .10000000E+03
   .16187167E-03    .22859559E+02
   .12482745E-04    .46191414E+02
   .26081962E-05    .10000000E+03
   .51077091E-07    .10000000E+03
   .00000000E+00    .10000000E+03
   .13198151E-03    .24819786E+02
   .24980971E-04    .44686053E+02
   .14110835E-05    .10000000E+03
   .30491411E-06    .10000000E+03
   .00000000E+00    .10000000E+03
   .18817235E-03    .19741603E+02
   .13399292E-04    .66755591E+02
   .14116098E-05    .10000000E+03
   .10720167E-05    .92947750E+02
   .72858034E-02    .27489871E+01
   .10434242E-03    .35666510E+02
   .00000000E+00    .10000000E+03
   .00000000E+00    .10000000E+03
   .12118495E-05    .10000000E+03
   .29640872E-02    .59933960E+01
   .10227028E-03    .21504525E+02
   .21017855E-06    .10000000E+03
   .00000000E+00    .10000000E+03
   .55277759E-05    .49828556E+02
   .28974499E-03    .19337245E+02
   .10909627E-03    .22091459E+02
   .28844047E-05    .60336941E+02
   .00000000E+00    .10000000E+03
   .10129687E-05    .94655761E+02
   .00000000E+00    .10000000E+03
   .73176399E-04    .26250748E+02
   .26027832E-05    .66168697E+02
   .00000000E+00    .10000000E+03
   .52990597E-08    .10000000E+03
   .00000000E+00    .10000000E+03
   .10820067E-03    .19801951E+02
   .48482826E-05    .59615770E+02
   .00000000E+00    .10000000E+03
   .87894707E-06    .10000000E+03
   .00000000E+00    .10000000E+03
   .11738315E-03    .21471542E+02
   .13499852E-04    .53184845E+02
   .00000000E+00    .10000000E+03
   .88587576E-06    .10000000E+03
   .00000000E+00    .10000000E+03
   .11245706E-03    .23425865E+02
   .70787562E-05    .63316574E+02
   .17147380E-05    .10000000E+03
   .98292028E-06    .10000000E+03
   .00000000E+00    .10000000E+03
   .10441215E-03    .23745528E+02
   .15696402E-04    .45021118E+02
   .00000000E+00    .10000000E+03
   .83986840E-06    .10000000E+03
   .00000000E+00    .10000000E+03
   .79407775E-04    .24326856E+02
   .21120433E-04    .42630525E+02
   .00000000E+00    .10000000E+03
   .00000000E+00    .10000000E+03
   .00000000E+00    .10000000E+03
   .10025177E-03    .24283633E+02
   .26957973E-04    .39812072E+02
   .00000000E+00    .10000000E+03
   .12154683E-05    .10000000E+03
   .00000000E+00    .10000000E+03
   .39680188E-04    .32041020E+02
   .44773961E-05    .58552819E+02
   .96177975E-06    .10000000E+03
   .23777006E-05    .68410561E+02
   .00000000E+00    .10000000E+03
   .12836182E-03    .21471924E+02
   .26331876E-04    .40772726E+02
   .20869141E-07    .10000000E+03
   .88755580E-06    .10000000E+03
   .00000000E+00    .10000000E+03
   .88493333E-04    .26553508E+02
   .29010847E-04    .38645474E+02
   .66115453E-05    .95202554E+02
   .76562771E-06    .10000000E+03
   .00000000E+00    .10000000E+03
   .88597992E-04    .24076792E+02
   .20546413E-04    .36536713E+02
   .37227883E-05    .56608445E+02
   .51405357E-06    .10000000E+03
   .00000000E+00    .10000000E+03
   .89386797E-04    .23467480E+02
   .19062523E-04    .41026167E+02
   .72395927E-06    .10000000E+03
   .10249898E-05    .10000000E+03
   .00000000E+00    .10000000E+03
   .98473412E-04    .22433255E+02
   .18100827E-04    .43054161E+02
   .26299974E-05    .70412221E+02
   .00000000E+00    .10000000E+03
   .00000000E+00    .10000000E+03
   .79636514E-04    .28228647E+02
   .18802921E-04    .46136841E+02
   .18059624E-06    .10000000E+03
   .19662010E-06    .10000000E+03
   .00000000E+00    .10000000E+03
   .88936886E-04    .24599764E+02
   .16447728E-04    .50925726E+02
   .25775904E-05    .83108102E+02
   .66814435E-06    .10000000E+03
   .00000000E+00    .10000000E+03
   .76004933E-04    .26324125E+02
   .29858798E-04    .41220615E+02
   .10175862E-05    .10000000E+03
   .00000000E+00    .10000000E+03
   .00000000E+00    .10000000E+03
   .10461177E-03    .22309072E+02
   .18615352E-04    .49296096E+02
   .83270406E-05    .55894352E+02
   .15508520E-06    .10000000E+03
   .20987969E-02    .51955581E+01
   .99340261E-04    .36876235E+02
   .20133802E-05    .10000000E+03
   .00000000E+00    .10000000E+03
   .00000000E+00    .10000000E+03
   .54438554E-03    .13772317E+02
   .76908952E-04    .23307534E+02
   .25524015E-05    .10000000E+03
   .00000000E+00    .10000000E+03
   .11344065E-05    .70733820E+02
   .43948064E-04    .44879361E+02
   .73313845E-04    .23737447E+02
   .21365532E-05    .10000000E+03
   .00000000E+00    .10000000E+03
   .42501845E-05    .74682800E+02
   .00000000E+00    .10000000E+03
   .54744139E-04    .26289212E+02
   .67811883E-05    .70376713E+02
   .00000000E+00    .10000000E+03
   .91849980E-06    .10000000E+03
   .00000000E+00    .10000000E+03
   .64141855E-04    .25733316E+02
   .47671100E-05    .70721281E+02
   .00000000E+00    .10000000E+03
   .00000000E+00    .10000000E+03
   .00000000E+00    .10000000E+03
   .46967144E-04    .28202540E+02
   .37788155E-05    .58396680E+02
   .00000000E+00    .10000000E+03
   .10767425E-05    .84839880E+02
   .00000000E+00    .10000000E+03
   .51046798E-04    .28769547E+02
   .52401506E-05    .65918198E+02
   .85613077E-06    .10000000E+03
   .19279416E-06    .10000000E+03
   .00000000E+00    .10000000E+03
   .64725719E-04    .24501181E+02
   .47061882E-05    .48043297E+02
   .25414475E-06    .10000000E+03
   .14721679E-05    .66618773E+02
   .00000000E+00    .10000000E+03
   .59741428E-04    .26161291E+02
   .16892900E-04    .58910005E+02
   .00000000E+00    .10000000E+03
   .12948231E-06    .10000000E+03
   .00000000E+00    .10000000E+03
   .42108511E-04    .30116771E+02
   .18684624E-04    .44161612E+02
   .00000000E+00    .10000000E+03
   .61494103E-06    .99387971E+02
   .00000000E+00    .10000000E+03
   .83413450E-04    .22882464E+02
   .10370247E-04    .51559357E+02
   .32282663E-05    .71573220E+02
   .11982684E-05    .10000000E+03
   .00000000E+00    .10000000E+03
   .49795599E-04    .28166909E+02
   .75857507E-05    .59391286E+02
   .19525213E-05    .76326281E+02
   .00000000E+00    .10000000E+03
   .00000000E+00    .10000000E+03
   .79624027E-04    .24099337E+02
   .85797764E-05    .53779015E+02
   .14771364E-05    .98077233E+02
   .11515131E-05    .99934548E+02
   .00000000E+00    .10000000E+03
   .56697141E-04    .25734254E+02
   .18157425E-04    .47161673E+02
   .14744483E-05    .10000000E+03
   .00000000E+00    .10000000E+03
   .00000000E+00    .10000000E+03
   .57427576E-04    .25447538E+02
   .72085396E-05    .55999118E+02
   .00000000E+00    .10000000E+03
   .00000000E+00    .10000000E+03
   .00000000E+00    .10000000E+03
   .61751917E-04    .25396520E+02
   .88409848E-05    .68949806E+02
   .24990551E-05    .70922914E+02
   .00000000E+00    .10000000E+03
   .00000000E+00    .10000000E+03
   .60382425E-04    .27191439E+02
   .16473888E-04    .49206639E+02
   .41498000E-05    .77030418E+02
   .00000000E+00    .10000000E+03
   .00000000E+00    .10000000E+03
   .67350971E-04    .25691071E+02
   .23403665E-04    .40403933E+02
   .21312301E-05    .80668478E+02
   .00000000E+00    .10000000E+03
   .00000000E+00    .10000000E+03
   .44918752E-04    .30594414E+02
   .11189012E-04    .57759099E+02
   .51673874E-05    .96314758E+02
   .00000000E+00    .10000000E+03
   .00000000E+00    .10000000E+03
   .39429877E-04    .31830839E+02
   .89637008E-05    .61118014E+02
   .43230391E-05    .75930355E+02
   .39966703E-06    .10000000E+03
   .54110116E-03    .98148872E+01
   .65394473E-04    .37920691E+02
   .00000000E+00    .10000000E+03
   .00000000E+00    .10000000E+03
   .10562853E-05    .10000000E+03
   .11199718E-03    .34261035E+02
   .33513914E-04    .32132573E+02
   .00000000E+00    .10000000E+03
   .00000000E+00    .10000000E+03
   .11225245E-05    .10000000E+03
   .19553183E-04    .73847846E+02
   .35884088E-04    .29363227E+02
   .00000000E+00    .10000000E+03
   .00000000E+00    .10000000E+03
   .62115639E-06    .10000000E+03
   .00000000E+00    .10000000E+03
   .53330431E-04    .26061932E+02
   .17009069E-05    .89907942E+02
   .00000000E+00    .10000000E+03
   .12847926E-05    .10000000E+03
   .00000000E+00    .10000000E+03
   .39730433E-04    .30780965E+02
   .27277429E-05    .70755606E+02
   .10416005E-05    .98809958E+02
   .78588326E-06    .10000000E+03
   .00000000E+00    .10000000E+03
   .28825830E-04    .36075439E+02
   .82051243E-06    .10000000E+03
   .00000000E+00    .10000000E+03
   .74626414E-06    .10000000E+03
   .00000000E+00    .10000000E+03
   .44150452E-04    .27036487E+02
   .88235191E-05    .58966417E+02
   .63203200E-06    .10000000E+03
   .00000000E+00    .10000000E+03
   .00000000E+00    .10000000E+03
   .38187165E-04    .28783172E+02
   .99132124E-05    .46957700E+02
   .00000000E+00    .10000000E+03
   .20537408E-05    .84817093E+02
   .00000000E+00    .10000000E+03
   .41112420E-04    .30015939E+02
   .23524735E-05    .10000000E+03
   .00000000E+00    .10000000E+03
   .15327995E-05    .10000000E+03
   .00000000E+00    .10000000E+03
   .30663793E-04    .32915098E+02
   .19137583E-05    .10000000E+03
   .00000000E+00    .10000000E+03
   .64805602E-06    .10000000E+03
   .00000000E+00    .10000000E+03
   .26939584E-04    .36654548E+02
   .49865098E-05    .87193802E+02
   .00000000E+00    .10000000E+03
   .00000000E+00    .10000000E+03
   .00000000E+00    .10000000E+03
   .24302221E-04    .39041377E+02
   .65094625E-05    .62828127E+02
   .21695963E-05    .10000000E+03
   .00000000E+00    .10000000E+03
   .00000000E+00    .10000000E+03
   .34213508E-04    .29920646E+02
   .98178032E-06    .10000000E+03
   .35602965E-07    .10000000E+03
   .79601760E-06    .10000000E+03
   .00000000E+00    .10000000E+03
   .40082800E-04    .33547935E+02
   .10638179E-04    .47065221E+02
   .16774344E-05    .10000000E+03
   .00000000E+00    .10000000E+03
   .00000000E+00    .10000000E+03
   .48573046E-04    .27593032E+02
   .11833724E-04    .43661545E+02
   .87146003E-06    .10000000E+03
   .00000000E+00    .10000000E+03
   .00000000E+00    .10000000E+03
   .43067813E-04    .27387423E+02
   .34680159E-06    .94288661E+02
   .14878082E-05    .10000000E+03
   .12039966E-05    .10000000E+03
   .00000000E+00    .10000000E+03
   .28569123E-04    .33111753E+02
   .14318333E-04    .55814539E+02
   .21975189E-05    .80555755E+02
   .00000000E+00    .10000000E+03
   .00000000E+00    .10000000E+03
   .22765799E-04    .33845688E+02
   .46872370E-05    .10000000E+03
   .82316453E-07    .10000000E+03
   .00000000E+00    .10000000E+03
   .00000000E+00    .10000000E+03
   .32052563E-04    .34024540E+02
   .22297393E-05    .96445016E+02
   .00000000E+00    .10000000E+03
   .00000000E+00    .10000000E+03
   .00000000E+00    .10000000E+03
   .14619863E-04    .44713526E+02
   .68790520E-05    .58193982E+02
   .00000000E+00    .10000000E+03
   .00000000E+00    .10000000E+03
   .14130935E-03    .17834289E+02
   .17091632E-04    .56233599E+02
   .00000000E+00    .10000000E+03
   .00000000E+00    .10000000E+03
   .00000000E+00    .10000000E+03
   .62716407E-04    .57956126E+02
   .62180989E-05    .71114055E+02
   .23853564E-05    .10000000E+03
   .00000000E+00    .10000000E+03
   .13036961E-05    .71644767E+02
   .00000000E+00    .10000000E+03
   .37912989E-05    .10000000E+03
   .00000000E+00    .10000000E+03
   .00000000E+00    .10000000E+03
   .00000000E+00    .10000000E+03
   .00000000E+00    .10000000E+03
   .73679121E-05    .71270214E+02
   .00000000E+00    .10000000E+03
   .00000000E+00    .10000000E+03
   .00000000E+00    .10000000E+03
   .00000000E+00    .10000000E+03
   .10298632E-04    .52871434E+02
   .00000000E+00    .10000000E+03
   .00000000E+00    .10000000E+03
   .00000000E+00    .10000000E+03
   .00000000E+00    .10000000E+03
   .10622144E-04    .42349954E+02
   .00000000E+00    .10000000E+03
   .00000000E+00    .10000000E+03
   .00000000E+00    .10000000E+03
   .00000000E+00    .10000000E+03
   .11711302E-04    .58998380E+02
   .00000000E+00    .10000000E+03
   .00000000E+00    .10000000E+03
   .00000000E+00    .10000000E+03
   .00000000E+00    .10000000E+03
   .12405505E-04    .50875866E+02
   .77565469E-05    .70725615E+02
   .00000000E+00    .10000000E+03
   .00000000E+00    .10000000E+03
   .00000000E+00    .10000000E+03
   .12148139E-04    .54509381E+02
   .48149377E-05    .86264265E+02
   .00000000E+00    .10000000E+03
   .00000000E+00    .10000000E+03
   .00000000E+00    .10000000E+03
   .49375859E-05    .95350950E+02
   .00000000E+00    .10000000E+03
   .00000000E+00    .10000000E+03
   .13304991E-06    .10000000E+03
   .00000000E+00    .10000000E+03
   .13816329E-04    .47545064E+02
   .54156599E-06    .10000000E+03
   .00000000E+00    .10000000E+03
   .00000000E+00    .10000000E+03
   .00000000E+00    .10000000E+03
   .13000496E-04    .54791516E+02
   .00000000E+00    .10000000E+03
   .92661927E-06    .10000000E+03
   .00000000E+00    .10000000E+03
   .00000000E+00    .10000000E+03
   .42568849E-05    .10000000E+03
   .15889549E-05    .70976287E+02
   .28842103E-05    .10000000E+03
   .00000000E+00    .10000000E+03
   .00000000E+00    .10000000E+03
   .24174341E-05    .10000000E+03
   .00000000E+00    .10000000E+03
   .00000000E+00    .10000000E+03
   .00000000E+00    .10000000E+03
   .00000000E+00    .10000000E+03
   .62390120E-05    .57783957E+02
   .00000000E+00    .10000000E+03
   .00000000E+00    .10000000E+03
   .00000000E+00    .10000000E+03
   .00000000E+00    .10000000E+03
   .70199042E-06    .10000000E+03
   .59322690E-05    .71127036E+02
   .00000000E+00    .10000000E+03
   .00000000E+00    .10000000E+03
   .00000000E+00    .10000000E+03
   .57077069E-05    .57819484E+02
   .62256605E-05    .72343588E+02
   .00000000E+00    .10000000E+03
   .11737436E-05    .10000000E+03
   .00000000E+00    .10000000E+03
   .39612033E-05    .10000000E+03
   .00000000E+00    .10000000E+03
   .00000000E+00    .10000000E+03
   .00000000E+00    .10000000E+03
   .00000000E+00    .10000000E+03
   .86185199E-05    .54812718E+02
   .00000000E+00    .10000000E+03
   .00000000E+00    .10000000E+03
   .00000000E+00    .10000000E+03
   .00000000E+00    .10000000E+03
   .21397238E-04    .38210366E+02
   .35426142E-05    .10000000E+03
   .11757190E-05    .10000000E+03
   .00000000E+00    .10000000E+03
