   .40722036E-01    .71837244E+00
   .68879491E-04    .23127802E+02
   .00000000E+00    .10000000E+03
   .00000000E+00    .10000000E+03
   .23277528E-05    .10000000E+03
   .37773223E-01    .91972353E+00
   .16701666E-03    .18062209E+02
   .00000000E+00    .10000000E+03
   .00000000E+00    .10000000E+03
   .33566414E-05    .49183330E+02
   .31930847E-01    .11575443E+01
   .24437808E-03    .15844441E+02
   .00000000E+00    .10000000E+03
   .00000000E+00    .10000000E+03
   .28191564E-05    .41370635E+02
   .26617562E-01    .14237711E+01
   .24055070E-03    .14587474E+02
   .00000000E+00    .10000000E+03
   .00000000E+00    .10000000E+03
   .85909466E-05    .36892317E+02
   .22004515E-01    .17641285E+01
   .33953702E-03    .14408582E+02
   .00000000E+00    .10000000E+03
   .00000000E+00    .10000000E+03
   .36139117E-05    .38440914E+02
   .16430069E-01    .21987663E+01
   .33545873E-03    .14807468E+02
   .65965975E-05    .58375892E+02
   .00000000E+00    .10000000E+03
   .85683550E-05    .43164772E+02
   .10161409E-01    .29274304E+01
   .42768564E-03    .14873966E+02
   .74815722E-05    .71781021E+02
   .16346750E-05    .99697035E+02
   .13849998E-04    .64545736E+02
   .38705029E-02    .46207601E+01
   .38039420E-03    .14536446E+02
   .12445598E-04    .71209131E+02
   .00000000E+00    .10000000E+03
   .13171210E-04    .56924962E+02
   .50198612E-03    .11513703E+02
   .43219202E-03    .14916979E+02
   .10456823E-04    .79311186E+02
   .00000000E+00    .10000000E+03
   .22465538E-05    .50910772E+02
   .61447392E-05    .70716841E+02
   .39863501E-03    .13915700E+02
   .85526302E-05    .74559354E+02
   .00000000E+00    .10000000E+03
   .54083663E-05    .66381904E+02
   .00000000E+00    .10000000E+03
   .42877766E-03    .12937479E+02
   .00000000E+00    .10000000E+03
   .00000000E+00    .10000000E+03
   .68276271E-06    .83466378E+02
   .00000000E+00    .10000000E+03
   .54968379E-03    .14099563E+02
   .20513745E-04    .65181550E+02
   .00000000E+00    .10000000E+03
   .73493541E-05    .71059776E+02
   .00000000E+00    .10000000E+03
   .44544801E-03    .14048509E+02
   .17834857E-04    .71666674E+02
   .59485428E-06    .84123713E+02
   .17016789E-05    .58042157E+02
   .00000000E+00    .10000000E+03
   .37800953E-03    .14357058E+02
   .30615436E-04    .63930355E+02
   .72096707E-06    .10000000E+03
   .27805860E-05    .59800906E+02
   .00000000E+00    .10000000E+03
   .47903425E-03    .14451223E+02
   .12650119E-04    .71207726E+02
   .00000000E+00    .10000000E+03
   .15697685E-05    .77517676E+02
   .00000000E+00    .10000000E+03
   .47857576E-03    .14678532E+02
   .10150133E-04    .58404484E+02
   .00000000E+00    .10000000E+03
   .54261968E-06    .79447814E+02
   .00000000E+00    .10000000E+03
   .40794814E-03    .15099924E+02
   .33235635E-04    .52417569E+02
   .18149174E-05    .71205164E+02
   .12206427E-04    .66649306E+02
   .00000000E+00    .10000000E+03
   .39997544E-03    .15867254E+02
   .10273060E-04    .59914047E+02
   .00000000E+00    .10000000E+03
   .75509166E-07    .85784133E+02
   .00000000E+00    .10000000E+03
   .35445623E-03    .15540434E+02
   .24347882E-04    .61081398E+02
   .00000000E+00    .10000000E+03
   .11951576E-05    .71963111E+02
   .00000000E+00    .10000000E+03
   .44746796E-03    .14355716E+02
   .33184722E-04    .51028406E+02
   .00000000E+00    .10000000E+03
   .31036755E-05    .10000000E+03
   .33114442E-01    .87060402E+00
   .13858579E-03    .17686329E+02
   .00000000E+00    .10000000E+03
   .00000000E+00    .10000000E+03
   .54422560E-06    .70896321E+02
   .34190113E-01    .10466999E+01
   .33228041E-03    .12312790E+02
   .23918881E-05    .86826356E+02
   .00000000E+00    .10000000E+03
   .14227444E-05    .55201238E+02
   .35250731E-01    .11505765E+01
   .41091867E-03    .12667942E+02
   .89125777E-05    .50615039E+02
   .00000000E+00    .10000000E+03
   .89294528E-05    .63973305E+02
   .34206541E-01    .12840540E+01
   .47173640E-03    .11773227E+02
   .82541314E-05    .90107848E+02
   .16805715E-05    .10000000E+03
   .77352292E-05    .32272725E+02
   .30620845E-01    .14931837E+01
   .55029220E-03    .11797343E+02
   .10383563E-04    .67370159E+02
   .00000000E+00    .10000000E+03
   .13981748E-04    .53776784E+02
   .23347088E-01    .18321214E+01
   .56149973E-03    .11649584E+02
   .53717493E-05    .74045357E+02
   .00000000E+00    .10000000E+03
   .19296775E-04    .45731399E+02
   .12694118E-01    .25617640E+01
   .51653815E-03    .12895468E+02
   .67828023E-05    .81221821E+02
   .33971694E-05    .84554397E+02
   .51770038E-05    .33891514E+02
   .39931081E-02    .44003874E+01
   .56850949E-03    .12560832E+02
   .11013919E-04    .62442560E+02
   .17862064E-05    .79404342E+02
   .80959833E-05    .32939951E+02
   .39866214E-03    .12091462E+02
   .47043561E-03    .13067942E+02
   .19806233E-04    .53933768E+02
   .25571728E-06    .10000000E+03
   .17258164E-04    .54796191E+02
   .00000000E+00    .10000000E+03
   .50186390E-03    .13345441E+02
   .20016830E-04    .42785254E+02
   .13408007E-05    .81069511E+02
   .39462636E-05    .57842969E+02
   .00000000E+00    .10000000E+03
   .56873022E-03    .12841166E+02
   .21267878E-04    .39265938E+02
   .88739352E-05    .97971150E+02
   .94735635E-06    .57075884E+02
   .00000000E+00    .10000000E+03
   .49874409E-03    .13269483E+02
   .97686004E-05    .78350262E+02
   .00000000E+00    .10000000E+03
   .66671654E-06    .75774731E+02
   .00000000E+00    .10000000E+03
   .50992168E-03    .12859679E+02
   .21693402E-04    .52358895E+02
   .34400003E-05    .58600160E+02
   .30378176E-05    .44294287E+02
   .00000000E+00    .10000000E+03
   .57456622E-03    .13346289E+02
   .34355488E-04    .43917197E+02
   .23705263E-06    .10000000E+03
   .95816865E-05    .56062622E+02
   .00000000E+00    .10000000E+03
   .45162461E-03    .13970854E+02
   .27620628E-04    .39288883E+02
   .48884490E-05    .53606517E+02
   .52081471E-05    .58524730E+02
   .00000000E+00    .10000000E+03
   .30220413E-03    .15884409E+02
   .42427225E-04    .50008683E+02
   .00000000E+00    .10000000E+03
   .11765159E-04    .68075028E+02
   .00000000E+00    .10000000E+03
   .33549629E-03    .16324356E+02
   .15152273E-04    .79393788E+02
   .00000000E+00    .10000000E+03
   .14481042E-05    .72028528E+02
   .00000000E+00    .10000000E+03
   .40448078E-03    .14542779E+02
   .18499417E-04    .56536571E+02
   .38159484E-06    .10000000E+03
   .81751825E-05    .44298981E+02
   .00000000E+00    .10000000E+03
   .52787146E-03    .12588776E+02
   .19944927E-04    .47587422E+02
   .00000000E+00    .10000000E+03
   .10140954E-04    .59283844E+02
   .00000000E+00    .10000000E+03
   .56898332E-03    .12556800E+02
   .26967011E-04    .43028014E+02
   .00000000E+00    .10000000E+03
   .17704352E-05    .68331946E+02
   .15938177E-01    .14701557E+01
   .14478363E-03    .19077196E+02
   .00000000E+00    .10000000E+03
   .00000000E+00    .10000000E+03
   .10588040E-05    .58853141E+02
   .15434812E-01    .18468309E+01
   .27324264E-03    .14682618E+02
   .73244941E-07    .10000000E+03
   .00000000E+00    .10000000E+03
   .52206667E-05    .50146432E+02
   .15836588E-01    .19756558E+01
   .26277430E-03    .14476251E+02
   .37169289E-05    .71209687E+02
   .00000000E+00    .10000000E+03
   .10176728E-04    .37987653E+02
   .15839573E-01    .21082517E+01
   .28101574E-03    .15447831E+02
   .10466865E-04    .53964578E+02
   .36993541E-06    .83123986E+02
   .12809957E-04    .51860733E+02
   .14407388E-01    .23568218E+01
   .34979980E-03    .14452638E+02
   .14805620E-05    .83577781E+02
   .00000000E+00    .10000000E+03
   .34818344E-05    .44617488E+02
   .98668625E-02    .29231975E+01
   .29089467E-03    .15331560E+02
   .12856279E-04    .54538283E+02
   .00000000E+00    .10000000E+03
   .56067470E-05    .47934134E+02
   .42616274E-02    .43820158E+01
   .29526210E-03    .14726958E+02
   .13762970E-05    .70752630E+02
   .00000000E+00    .10000000E+03
   .75161086E-05    .48912526E+02
   .96445212E-03    .86507774E+01
   .21904304E-03    .17086549E+02
   .20013276E-04    .50695206E+02
   .37590635E-06    .10000000E+03
   .47868645E-05    .37378464E+02
   .56981453E-04    .29760343E+02
   .25103002E-03    .16052401E+02
   .68167108E-05    .62894107E+02
   .83326215E-06    .10000000E+03
   .50995633E-05    .61110043E+02
   .00000000E+00    .10000000E+03
   .24203181E-03    .18156703E+02
   .10043961E-04    .78639411E+02
   .44089603E-06    .10000000E+03
   .26789104E-05    .42684788E+02
   .00000000E+00    .10000000E+03
   .17133786E-03    .21150629E+02
   .22804367E-04    .49475459E+02
   .15660513E-05    .70720106E+02
   .60346136E-05    .81011060E+02
   .00000000E+00    .10000000E+03
   .18055273E-03    .19369492E+02
   .13550269E-04    .60506246E+02
   .31706180E-06    .10000000E+03
   .12046920E-04    .56749270E+02
   .00000000E+00    .10000000E+03
   .26518986E-03    .16723753E+02
   .20319558E-04    .46735575E+02
   .00000000E+00    .10000000E+03
   .10331818E-05    .69554649E+02
   .00000000E+00    .10000000E+03
   .20721632E-03    .17741542E+02
   .59251883E-05    .55486985E+02
   .34416042E-06    .10000000E+03
   .36930075E-05    .57777071E+02
   .00000000E+00    .10000000E+03
   .13612935E-03    .23048100E+02
   .13157475E-05    .79672498E+02
   .86081030E-06    .10000000E+03
   .87988110E-05    .86672743E+02
   .00000000E+00    .10000000E+03
   .10859721E-03    .24273563E+02
   .25687765E-05    .59867563E+02
   .68533820E-06    .10000000E+03
   .68331895E-05    .51468480E+02
   .00000000E+00    .10000000E+03
   .17052676E-03    .20562675E+02
   .41630904E-04    .43305980E+02
   .00000000E+00    .10000000E+03
   .32842026E-05    .42648403E+02
   .00000000E+00    .10000000E+03
   .22277049E-03    .18814365E+02
   .10954380E-04    .69529877E+02
   .57557332E-05    .53141031E+02
   .32645525E-05    .80726173E+02
   .00000000E+00    .10000000E+03
   .21279720E-03    .18579187E+02
   .23985949E-04    .39744945E+02
   .10399140E-05    .10000000E+03
   .16998164E-05    .61140804E+02
   .00000000E+00    .10000000E+03
   .16209517E-03    .20945983E+02
   .29605628E-04    .42891407E+02
   .39336196E-05    .57259400E+02
   .35455037E-05    .39753296E+02
   .63418295E-02    .22414209E+01
   .10064729E-03    .21750381E+02
   .00000000E+00    .10000000E+03
   .00000000E+00    .10000000E+03
   .41208507E-07    .10000000E+03
   .55375283E-02    .31716870E+01
   .16065194E-03    .16805937E+02
   .27511347E-05    .85762262E+02
   .00000000E+00    .10000000E+03
   .00000000E+00    .10000000E+03
   .49291907E-02    .36643475E+01
   .11901050E-03    .22307501E+02
   .00000000E+00    .10000000E+03
   .00000000E+00    .10000000E+03
   .78200634E-06    .60463253E+02
   .45733709E-02    .41152709E+01
   .75226675E-04    .24249219E+02
   .41855879E-05    .72085631E+02
   .26331170E-06    .10000000E+03
   .54542385E-05    .47346728E+02
   .37752281E-02    .48654237E+01
   .78301146E-04    .24405180E+02
   .99487100E-06    .85173782E+02
   .00000000E+00    .10000000E+03
   .11081001E-05    .58753155E+02
   .22974236E-02    .61421408E+01
   .12259245E-03    .20670787E+02
   .21144675E-05    .97409113E+02
   .00000000E+00    .10000000E+03
   .22155183E-05    .59064380E+02
   .75063167E-03    .10027668E+02
   .87411202E-04    .22391176E+02
   .19472111E-04    .56893966E+02
   .30933077E-05    .56589401E+02
   .96353202E-05    .50414043E+02
   .10969050E-03    .23929745E+02
   .90834459E-04    .23033733E+02
   .56184658E-05    .66574212E+02
   .00000000E+00    .10000000E+03
   .12553130E-04    .66027792E+02
   .25458195E-04    .46868082E+02
   .73110250E-04    .25411394E+02
   .90799415E-05    .51603379E+02
   .00000000E+00    .10000000E+03
   .43849879E-05    .55752157E+02
   .00000000E+00    .10000000E+03
   .15474785E-03    .19105307E+02
   .15713987E-04    .50334455E+02
   .33089084E-05    .10000000E+03
   .79274489E-05    .71900550E+02
   .00000000E+00    .10000000E+03
   .12589474E-03    .20547625E+02
   .22828278E-04    .42487892E+02
   .26350464E-05    .95376648E+02
   .10489029E-05    .59651344E+02
   .00000000E+00    .10000000E+03
   .89373863E-04    .23239157E+02
   .58864509E-06    .10000000E+03
   .45381328E-07    .10000000E+03
   .94021467E-06    .58115638E+02
   .00000000E+00    .10000000E+03
   .78859686E-04    .23549572E+02
   .98899397E-05    .50332493E+02
   .12108184E-05    .71592015E+02
   .10860538E-05    .72632037E+02
   .00000000E+00    .10000000E+03
   .11300016E-03    .21255788E+02
   .35065733E-04    .37608500E+02
   .16409574E-05    .58420314E+02
   .11880171E-05    .59352568E+02
   .00000000E+00    .10000000E+03
   .63259846E-04    .27945877E+02
   .17896997E-04    .53187027E+02
   .30408976E-05    .72639642E+02
   .16356119E-05    .92484752E+02
   .00000000E+00    .10000000E+03
   .12422978E-03    .21460218E+02
   .12717885E-04    .39460045E+02
   .54225253E-05    .84385239E+02
   .80029054E-06    .96844638E+02
   .00000000E+00    .10000000E+03
   .47392881E-04    .30506356E+02
   .20975362E-04    .60386560E+02
   .10533375E-05    .10000000E+03
   .68279434E-06    .98022259E+02
   .00000000E+00    .10000000E+03
   .51787938E-04    .30956238E+02
   .10928356E-04    .60965761E+02
   .26666339E-05    .62548279E+02
   .69158701E-06    .95247483E+02
   .00000000E+00    .10000000E+03
   .63396547E-04    .25691662E+02
   .72436102E-05    .70655309E+02
   .57570236E-05    .66652174E+02
   .95948732E-05    .83472001E+02
   .00000000E+00    .10000000E+03
   .60626539E-04    .27887514E+02
   .84887282E-05    .48472451E+02
   .23002371E-05    .89786286E+02
   .97892393E-06    .91897932E+02
   .23451931E-02    .36311407E+01
   .72598011E-04    .24807207E+02
   .00000000E+00    .10000000E+03
   .00000000E+00    .10000000E+03
   .00000000E+00    .10000000E+03
   .16189989E-02    .59259486E+01
   .61528805E-04    .22393105E+02
   .17653264E-05    .10000000E+03
   .00000000E+00    .10000000E+03
   .00000000E+00    .10000000E+03
   .11740595E-02    .74235747E+01
   .72855616E-04    .21054473E+02
   .16839461E-05    .10000000E+03
   .00000000E+00    .10000000E+03
   .28095147E-06    .10000000E+03
   .10152661E-02    .89211712E+01
   .52407732E-04    .26448339E+02
   .00000000E+00    .10000000E+03
   .00000000E+00    .10000000E+03
   .38955642E-05    .84472141E+02
   .52148131E-03    .12245866E+02
   .53436792E-04    .25818446E+02
   .56122188E-05    .66151300E+02
   .10134694E-05    .10000000E+03
   .91435636E-05    .74973599E+02
   .15512401E-03    .22328103E+02
   .52843492E-04    .24341377E+02
   .41571861E-06    .80583442E+02
   .00000000E+00    .10000000E+03
   .62629277E-05    .95195326E+02
   .62051002E-04    .36691969E+02
   .42755180E-04    .27177964E+02
   .49599278E-05    .91135911E+02
   .00000000E+00    .10000000E+03
   .27761843E-06    .10000000E+03
   .39587129E-05    .10000000E+03
   .69813064E-04    .21513163E+02
   .69675073E-05    .62762920E+02
   .00000000E+00    .10000000E+03
   .27247761E-05    .62312761E+02
   .00000000E+00    .10000000E+03
   .46459831E-04    .27241606E+02
   .42881696E-05    .58947607E+02
   .00000000E+00    .10000000E+03
   .13488417E-04    .61376299E+02
   .00000000E+00    .10000000E+03
   .51225986E-04    .25136429E+02
   .68811450E-05    .48573945E+02
   .78657103E-06    .85451397E+02
   .33678017E-06    .94304520E+02
   .00000000E+00    .10000000E+03
   .65347177E-04    .22464789E+02
   .42155707E-05    .68593518E+02
   .19537484E-05    .10000000E+03
   .39901715E-06    .10000000E+03
   .00000000E+00    .10000000E+03
   .92070662E-04    .19115124E+02
   .15039058E-05    .64370783E+02
   .10252032E-05    .10000000E+03
   .00000000E+00    .10000000E+03
   .00000000E+00    .10000000E+03
   .51730611E-04    .25085298E+02
   .36674937E-05    .82294451E+02
   .62533873E-06    .10000000E+03
   .20063687E-05    .60455718E+02
   .00000000E+00    .10000000E+03
   .49174316E-04    .27393052E+02
   .10492419E-04    .51608876E+02
   .45365068E-07    .71205717E+02
   .00000000E+00    .10000000E+03
   .00000000E+00    .10000000E+03
   .40465058E-04    .30808753E+02
   .51814671E-05    .58834903E+02
   .65205225E-06    .77648527E+02
   .13068976E-04    .65025951E+02
   .00000000E+00    .10000000E+03
   .36711381E-04    .30936477E+02
   .50841505E-05    .68148217E+02
   .63002995E-05    .70505303E+02
   .42484819E-05    .10000000E+03
   .00000000E+00    .10000000E+03
   .61226432E-04    .23432351E+02
   .70511532E-05    .56940650E+02
   .00000000E+00    .10000000E+03
   .88262498E-05    .84375587E+02
   .00000000E+00    .10000000E+03
   .43788392E-04    .27482558E+02
   .52046438E-05    .62812867E+02
   .56613961E-05    .47032162E+02
   .73257194E-06    .10000000E+03
   .00000000E+00    .10000000E+03
   .38068171E-04    .29815356E+02
   .41210340E-05    .77414270E+02
   .26174381E-05    .61827555E+02
   .57490216E-05    .10000000E+03
   .00000000E+00    .10000000E+03
   .41705087E-04    .26967916E+02
   .63793269E-05    .57563513E+02
   .42635544E-06    .74882554E+02
   .48023045E-05    .60791857E+02
   .68985102E-03    .64346503E+01
   .27776267E-04    .36947238E+02
   .17644062E-06    .10000000E+03
   .00000000E+00    .10000000E+03
   .00000000E+00    .10000000E+03
   .41594875E-03    .12177200E+02
   .36340136E-04    .34469661E+02
   .44733093E-06    .10000000E+03
   .00000000E+00    .10000000E+03
   .14967271E-05    .76536427E+02
   .25338783E-03    .15676266E+02
   .36415474E-04    .25976503E+02
   .35018874E-05    .64213386E+02
   .00000000E+00    .10000000E+03
   .20168602E-07    .10000000E+03
   .22130878E-03    .17934801E+02
   .35585037E-04    .28329677E+02
   .34127368E-05    .68195217E+02
   .31997858E-06    .10000000E+03
   .82019395E-05    .66811904E+02
   .14080673E-03    .24730712E+02
   .28240138E-04    .29886124E+02
   .31032920E-06    .10000000E+03
   .69239475E-06    .10000000E+03
   .24404566E-05    .64300740E+02
   .27440974E-04    .55850658E+02
   .32309871E-04    .28377394E+02
   .40186427E-05    .60587118E+02
   .86880931E-06    .10000000E+03
   .49707605E-05    .83376448E+02
   .16976310E-04    .87347072E+02
   .38127467E-04    .25577716E+02
   .98895734E-06    .59447629E+02
   .00000000E+00    .10000000E+03
   .63835538E-05    .94970261E+02
   .00000000E+00    .10000000E+03
   .26250248E-04    .27246363E+02
   .46461624E-05    .87624060E+02
   .56620233E-06    .10000000E+03
   .44862572E-05    .81868028E+02
   .00000000E+00    .10000000E+03
   .15718347E-04    .42539057E+02
   .76457001E-05    .46076915E+02
   .00000000E+00    .10000000E+03
   .37381174E-06    .10000000E+03
   .00000000E+00    .10000000E+03
   .42123130E-04    .25528898E+02
   .27919723E-05    .62057731E+02
   .00000000E+00    .10000000E+03
   .51678260E-06    .10000000E+03
   .00000000E+00    .10000000E+03
   .26886546E-04    .29552571E+02
   .50085578E-05    .55427787E+02
   .16159978E-05    .53872049E+02
   .13701366E-05    .79025746E+02
   .00000000E+00    .10000000E+03
   .17493306E-04    .41158573E+02
   .51181775E-05    .66754683E+02
   .76788407E-06    .10000000E+03
   .55643764E-06    .84459914E+02
   .00000000E+00    .10000000E+03
   .27072629E-04    .29482496E+02
   .10517969E-04    .49701917E+02
   .00000000E+00    .10000000E+03
   .62096835E-06    .71783042E+02
   .00000000E+00    .10000000E+03
   .15606126E-04    .36644643E+02
   .71645934E-05    .49447428E+02
   .11449368E-05    .65836123E+02
   .00000000E+00    .10000000E+03
   .00000000E+00    .10000000E+03
   .35008281E-04    .27262690E+02
   .66464365E-05    .52995775E+02
   .00000000E+00    .10000000E+03
   .47960505E-05    .68160183E+02
   .00000000E+00    .10000000E+03
   .16950815E-04    .34878326E+02
   .82480019E-05    .43222975E+02
   .13560203E-05    .90549759E+02
   .12481359E-05    .70150100E+02
   .00000000E+00    .10000000E+03
   .27333338E-04    .27745298E+02
   .24364589E-05    .79233550E+02
   .31020547E-05    .59736626E+02
   .57682399E-06    .79271524E+02
   .00000000E+00    .10000000E+03
   .32295655E-04    .29091853E+02
   .66267320E-05    .53974980E+02
   .00000000E+00    .10000000E+03
   .48698927E-05    .84854270E+02
   .00000000E+00    .10000000E+03
   .42605957E-04    .25698992E+02
   .73312618E-05    .48741434E+02
   .25978156E-06    .10000000E+03
   .35273100E-05    .10000000E+03
   .00000000E+00    .10000000E+03
   .28819157E-04    .30280457E+02
   .27047627E-05    .67400417E+02
   .85636708E-06    .10000000E+03
   .00000000E+00    .10000000E+03
   .19685369E-03    .12055874E+02
   .11300422E-04    .44812230E+02
   .00000000E+00    .10000000E+03
   .00000000E+00    .10000000E+03
   .18755241E-05    .10000000E+03
   .57503287E-04    .35963070E+02
   .23093742E-04    .26948697E+02
   .00000000E+00    .10000000E+03
   .00000000E+00    .10000000E+03
   .37099930E-06    .10000000E+03
   .25564144E-04    .43467887E+02
   .18625788E-04    .33675301E+02
   .00000000E+00    .10000000E+03
   .00000000E+00    .10000000E+03
   .68023629E-05    .10000000E+03
   .95155252E-05    .71350307E+02
   .20285494E-04    .32175283E+02
   .41156775E-05    .71996505E+02
   .00000000E+00    .10000000E+03
   .61179502E-05    .87940666E+02
   .69725185E-05    .63077530E+02
   .15820707E-04    .37335303E+02
   .00000000E+00    .10000000E+03
   .00000000E+00    .10000000E+03
   .96925066E-06    .71657004E+02
   .24010958E-05    .10000000E+03
   .16618384E-04    .35354069E+02
   .54833508E-05    .67071768E+02
   .21078808E-05    .97966191E+02
   .00000000E+00    .10000000E+03
   .00000000E+00    .10000000E+03
   .13310363E-04    .38683743E+02
   .00000000E+00    .10000000E+03
   .11434856E-05    .10000000E+03
   .00000000E+00    .10000000E+03
   .00000000E+00    .10000000E+03
   .14191622E-04    .36513274E+02
   .11081705E-05    .58804413E+02
   .00000000E+00    .10000000E+03
   .00000000E+00    .10000000E+03
   .00000000E+00    .10000000E+03
   .13994187E-04    .39233134E+02
   .18480703E-05    .61740696E+02
   .00000000E+00    .10000000E+03
   .00000000E+00    .10000000E+03
   .00000000E+00    .10000000E+03
   .14802749E-04    .38421142E+02
   .19703966E-05    .70827801E+02
   .00000000E+00    .10000000E+03
   .00000000E+00    .10000000E+03
   .00000000E+00    .10000000E+03
   .14855090E-04    .36356782E+02
   .39178404E-06    .10000000E+03
   .00000000E+00    .10000000E+03
   .32087769E-05    .97299017E+02
   .00000000E+00    .10000000E+03
   .13874882E-04    .36706515E+02
   .42452510E-05    .70819511E+02
   .00000000E+00    .10000000E+03
   .13104716E-06    .10000000E+03
   .00000000E+00    .10000000E+03
   .15154043E-04    .33704774E+02
   .34728703E-07    .10000000E+03
   .50744061E-06    .85796898E+02
   .21151989E-06    .78493867E+02
   .00000000E+00    .10000000E+03
   .27760571E-04    .28390025E+02
   .62992561E-05    .53824473E+02
   .00000000E+00    .10000000E+03
   .00000000E+00    .10000000E+03
   .00000000E+00    .10000000E+03
   .15742838E-04    .37019846E+02
   .11562054E-04    .47939667E+02
   .13231417E-05    .72558314E+02
   .00000000E+00    .10000000E+03
   .00000000E+00    .10000000E+03
   .14159793E-04    .34976198E+02
   .27099864E-05    .62248946E+02
   .00000000E+00    .10000000E+03
   .53918990E-05    .99714669E+02
   .00000000E+00    .10000000E+03
   .15800794E-04    .38772103E+02
   .64918945E-05    .49485854E+02
   .16537453E-05    .84025299E+02
   .00000000E+00    .10000000E+03
   .00000000E+00    .10000000E+03
   .21283407E-04    .29233286E+02
   .38174613E-05    .77869638E+02
   .00000000E+00    .10000000E+03
   .00000000E+00    .10000000E+03
   .00000000E+00    .10000000E+03
   .16130979E-04    .33652685E+02
   .75187468E-06    .10000000E+03
   .24825530E-05    .10000000E+03
   .74160808E-06    .88361421E+02
   .00000000E+00    .10000000E+03
   .11836844E-04    .42121920E+02
   .10752916E-05    .75009693E+02
   .18233317E-06    .10000000E+03
   .84724618E-07    .10000000E+03
   .43604590E-04    .27923919E+02
   .70466876E-05    .52508205E+02
   .00000000E+00    .10000000E+03
   .00000000E+00    .10000000E+03
   .00000000E+00    .10000000E+03
   .33465882E-04    .51816414E+02
   .83578698E-05    .48633814E+02
   .14865071E-05    .10000000E+03
   .00000000E+00    .10000000E+03
   .00000000E+00    .10000000E+03
   .22443213E-04    .68344302E+02
   .71445154E-05    .56755301E+02
   .00000000E+00    .10000000E+03
   .00000000E+00    .10000000E+03
   .41859561E-06    .10000000E+03
   .94516133E-05    .10000000E+03
   .21321790E-05    .62854298E+02
   .00000000E+00    .10000000E+03
   .00000000E+00    .10000000E+03
   .00000000E+00    .10000000E+03
   .10842713E-04    .10000000E+03
   .96592044E-05    .46900814E+02
   .11959696E-05    .10000000E+03
   .00000000E+00    .10000000E+03
   .54492995E-05    .10000000E+03
   .00000000E+00    .10000000E+03
   .82961494E-06    .80184403E+02
   .00000000E+00    .10000000E+03
   .00000000E+00    .10000000E+03
   .39827071E-06    .10000000E+03
   .00000000E+00    .10000000E+03
   .84000777E-05    .47550232E+02
   .50161146E-06    .10000000E+03
   .00000000E+00    .10000000E+03
   .00000000E+00    .10000000E+03
   .00000000E+00    .10000000E+03
   .28124180E-05    .70129467E+02
   .00000000E+00    .10000000E+03
   .00000000E+00    .10000000E+03
   .00000000E+00    .10000000E+03
   .00000000E+00    .10000000E+03
   .88070463E-05    .46074575E+02
   .44889485E-06    .10000000E+03
   .00000000E+00    .10000000E+03
   .00000000E+00    .10000000E+03
   .00000000E+00    .10000000E+03
   .27457126E-05    .79105435E+02
   .10372531E-05    .10000000E+03
   .00000000E+00    .10000000E+03
   .00000000E+00    .10000000E+03
   .00000000E+00    .10000000E+03
   .26128047E-05    .96533003E+02
   .00000000E+00    .10000000E+03
   .00000000E+00    .10000000E+03
   .00000000E+00    .10000000E+03
   .00000000E+00    .10000000E+03
   .70820081E-05    .44043023E+02
   .00000000E+00    .10000000E+03
   .75860005E-06    .10000000E+03
   .00000000E+00    .10000000E+03
   .00000000E+00    .10000000E+03
   .98152581E-05    .46144158E+02
   .84946720E-06    .10000000E+03
   .00000000E+00    .10000000E+03
   .00000000E+00    .10000000E+03
   .00000000E+00    .10000000E+03
   .13442582E-05    .78864836E+02
   .26603311E-06    .10000000E+03
   .00000000E+00    .10000000E+03
   .00000000E+00    .10000000E+03
   .00000000E+00    .10000000E+03
   .83772082E-06    .91269011E+02
   .11156653E-05    .10000000E+03
   .00000000E+00    .10000000E+03
   .00000000E+00    .10000000E+03
   .00000000E+00    .10000000E+03
   .34949559E-05    .48411200E+02
   .11119206E-06    .10000000E+03
   .00000000E+00    .10000000E+03
   .00000000E+00    .10000000E+03
   .00000000E+00    .10000000E+03
   .12604142E-05    .85158670E+02
   .13769520E-05    .10000000E+03
   .00000000E+00    .10000000E+03
   .00000000E+00    .10000000E+03
   .00000000E+00    .10000000E+03
   .21935311E-05    .72737142E+02
   .30777609E-05    .74108815E+02
   .30609787E-06    .10000000E+03
   .00000000E+00    .10000000E+03
   .00000000E+00    .10000000E+03
   .54144565E-05    .61623174E+02
   .00000000E+00    .10000000E+03
   .00000000E+00    .10000000E+03
   .00000000E+00    .10000000E+03
   .00000000E+00    .10000000E+03
   .66970750E-05    .51350787E+02
   .33083308E-05    .74503929E+02
   .00000000E+00    .10000000E+03
   .42043524E-06    .10000000E+03
