   .61568945E-01    .94850200E+00
   .10473896E-03    .36654630E+02
   .32756915E-06    .10000000E+03
   .00000000E+00    .10000000E+03
   .59598064E-06    .95762428E+02
   .41450562E-01    .16384649E+01
   .20549763E-03    .22253745E+02
   .00000000E+00    .10000000E+03
   .00000000E+00    .10000000E+03
   .30625295E-05    .52015947E+02
   .15203014E-01    .29448295E+01
   .24045467E-03    .20362180E+02
   .18329872E-05    .98663250E+02
   .00000000E+00    .10000000E+03
   .17462546E-05    .71283299E+02
   .39198367E-03    .13785342E+02
   .51834105E-03    .17614125E+02
   .29630495E-04    .73776141E+02
   .00000000E+00    .10000000E+03
   .19215450E-05    .56132202E+02
   .00000000E+00    .10000000E+03
   .33886408E-03    .18626126E+02
   .24504171E-05    .10000000E+03
   .00000000E+00    .10000000E+03
   .12908640E-06    .77586139E+02
   .00000000E+00    .10000000E+03
   .32363973E-03    .22586553E+02
   .87878376E-05    .10000000E+03
   .31452292E-07    .10000000E+03
   .23331228E-05    .72076537E+02
   .00000000E+00    .10000000E+03
   .28747832E-03    .21395719E+02
   .00000000E+00    .10000000E+03
   .00000000E+00    .10000000E+03
   .00000000E+00    .10000000E+03
   .00000000E+00    .10000000E+03
   .41226791E-03    .19256243E+02
   .36542298E-05    .70710807E+02
   .00000000E+00    .10000000E+03
   .00000000E+00    .10000000E+03
   .00000000E+00    .10000000E+03
   .36510597E-03    .21598871E+02
   .13019480E-04    .70796843E+02
   .00000000E+00    .10000000E+03
   .00000000E+00    .10000000E+03
   .00000000E+00    .10000000E+03
   .34806670E-03    .22569807E+02
   .50658124E-05    .10000000E+03
   .65918188E-07    .10000000E+03
   .83706818E-06    .10000000E+03
   .00000000E+00    .10000000E+03
   .27384035E-03    .23269125E+02
   .17895654E-04    .10000000E+03
   .66536468E-06    .10000000E+03
   .20798233E-05    .76591395E+02
   .00000000E+00    .10000000E+03
   .52226063E-03    .19431938E+02
   .00000000E+00    .10000000E+03
   .16558324E-05    .10000000E+03
   .76815088E-06    .10000000E+03
   .00000000E+00    .10000000E+03
   .44156444E-03    .19893306E+02
   .12511660E-04    .82885899E+02
   .14201561E-05    .10000000E+03
   .14386402E-05    .92869417E+02
   .00000000E+00    .10000000E+03
   .29769702E-03    .22786351E+02
   .18760135E-04    .73083362E+02
   .12470633E-05    .10000000E+03
   .00000000E+00    .10000000E+03
   .00000000E+00    .10000000E+03
   .40594722E-03    .21090758E+02
   .29799844E-04    .69301870E+02
   .16512310E-05    .10000000E+03
   .00000000E+00    .10000000E+03
   .00000000E+00    .10000000E+03
   .38727721E-03    .20005320E+02
   .49553981E-05    .10000000E+03
   .00000000E+00    .10000000E+03
   .00000000E+00    .10000000E+03
   .00000000E+00    .10000000E+03
   .38522709E-03    .20813483E+02
   .55533024E-06    .10000000E+03
   .00000000E+00    .10000000E+03
   .29520858E-05    .93677584E+02
   .00000000E+00    .10000000E+03
   .62128175E-03    .16345636E+02
   .37923214E-04    .70604101E+02
   .00000000E+00    .10000000E+03
   .18006927E-05    .10000000E+03
   .00000000E+00    .10000000E+03
   .46309541E-03    .19005511E+02
   .20905967E-04    .62739230E+02
   .00000000E+00    .10000000E+03
   .25528717E-05    .72159902E+02
   .00000000E+00    .10000000E+03
   .52878999E-03    .17624471E+02
   .29169555E-04    .52772156E+02
   .00000000E+00    .10000000E+03
   .16804399E-05    .86025598E+02
   .80926708E-01    .79353875E+00
   .22147621E-03    .35510987E+02
   .90940483E-05    .10000000E+03
   .00000000E+00    .10000000E+03
   .58453855E-06    .10000000E+03
   .65820872E-01    .12139872E+01
   .58875814E-03    .14130606E+02
   .59746231E-05    .77770847E+02
   .00000000E+00    .10000000E+03
   .52124686E-05    .39338271E+02
   .23526561E-01    .22600914E+01
   .64424814E-03    .13955611E+02
   .90072148E-05    .70875324E+02
   .91259770E-06    .10000000E+03
   .45354250E-05    .45966061E+02
   .32636010E-03    .15600732E+02
   .54743778E-03    .16737204E+02
   .10379950E-04    .58248202E+02
   .00000000E+00    .10000000E+03
   .20552870E-05    .59340924E+02
   .00000000E+00    .10000000E+03
   .74379757E-03    .13805053E+02
   .23274496E-05    .86880287E+02
   .00000000E+00    .10000000E+03
   .23312721E-05    .50388386E+02
   .00000000E+00    .10000000E+03
   .67039938E-03    .14576643E+02
   .97743064E-05    .83582281E+02
   .00000000E+00    .10000000E+03
   .22597830E-05    .56456533E+02
   .00000000E+00    .10000000E+03
   .49904882E-03    .16488089E+02
   .23097261E-04    .67276644E+02
   .00000000E+00    .10000000E+03
   .12265807E-05    .67947423E+02
   .00000000E+00    .10000000E+03
   .56430355E-03    .15338321E+02
   .22616236E-04    .58293880E+02
   .00000000E+00    .10000000E+03
   .00000000E+00    .10000000E+03
   .00000000E+00    .10000000E+03
   .67991828E-03    .13950193E+02
   .23807961E-04    .62145378E+02
   .47640459E-06    .10000000E+03
   .66235845E-06    .10000000E+03
   .00000000E+00    .10000000E+03
   .82723961E-03    .13967571E+02
   .19933647E-04    .49322436E+02
   .00000000E+00    .10000000E+03
   .00000000E+00    .10000000E+03
   .00000000E+00    .10000000E+03
   .70567430E-03    .14600169E+02
   .16724475E-04    .65792484E+02
   .47969613E-06    .10000000E+03
   .14460518E-06    .10000000E+03
   .00000000E+00    .10000000E+03
   .51474246E-03    .16174221E+02
   .27534071E-04    .49074601E+02
   .43256977E-05    .70276953E+02
   .51070155E-05    .89184623E+02
   .00000000E+00    .10000000E+03
   .44307125E-03    .17373162E+02
   .29700607E-04    .48258547E+02
   .00000000E+00    .10000000E+03
   .46300158E-05    .72562346E+02
   .00000000E+00    .10000000E+03
   .36243112E-03    .19012845E+02
   .41233142E-04    .52218073E+02
   .56237536E-05    .67436420E+02
   .16690018E-06    .10000000E+03
   .00000000E+00    .10000000E+03
   .46432023E-03    .17687120E+02
   .23364733E-04    .46065255E+02
   .47542646E-06    .10000000E+03
   .14274908E-05    .10000000E+03
   .00000000E+00    .10000000E+03
   .44996717E-03    .16574352E+02
   .59314926E-04    .38082600E+02
   .00000000E+00    .10000000E+03
   .33320577E-05    .65125195E+02
   .00000000E+00    .10000000E+03
   .57253625E-03    .16845854E+02
   .35963642E-04    .40832901E+02
   .25303104E-05    .71340224E+02
   .00000000E+00    .10000000E+03
   .00000000E+00    .10000000E+03
   .62786370E-03    .15182340E+02
   .38975907E-04    .41811854E+02
   .57800908E-05    .10000000E+03
   .18699276E-05    .74240044E+02
   .00000000E+00    .10000000E+03
   .47590954E-03    .16650677E+02
   .18261984E-04    .44437475E+02
   .46344501E-05    .92655578E+02
   .00000000E+00    .10000000E+03
   .00000000E+00    .10000000E+03
   .55474497E-03    .15587710E+02
   .11448231E-03    .33500508E+02
   .42611227E-05    .10000000E+03
   .00000000E+00    .10000000E+03
   .49643402E-01    .10536134E+01
   .24963784E-03    .35307950E+02
   .00000000E+00    .10000000E+03
   .00000000E+00    .10000000E+03
   .32912723E-05    .52573918E+02
   .36838160E-01    .16800832E+01
   .31876126E-03    .17192599E+02
   .57867633E-05    .71199232E+02
   .00000000E+00    .10000000E+03
   .35327206E-05    .46154030E+02
   .10811309E-01    .32710418E+01
   .43937829E-03    .15252226E+02
   .83870871E-07    .10000000E+03
   .37184548E-05    .71077063E+02
   .43651396E-05    .38556925E+02
   .56078926E-04    .33786666E+02
   .26110974E-03    .20328271E+02
   .33147959E-05    .75701917E+02
   .11024644E-05    .10000000E+03
   .15900999E-05    .98610221E+02
   .00000000E+00    .10000000E+03
   .40097090E-03    .16197335E+02
   .31823689E-04    .62617230E+02
   .12272655E-05    .10000000E+03
   .54019138E-05    .39337790E+02
   .00000000E+00    .10000000E+03
   .33928626E-03    .18417353E+02
   .22298030E-04    .63675805E+02
   .10394538E-05    .10000000E+03
   .16841239E-05    .69875210E+02
   .00000000E+00    .10000000E+03
   .33265699E-03    .18422983E+02
   .00000000E+00    .10000000E+03
   .00000000E+00    .10000000E+03
   .25796310E-05    .72394145E+02
   .00000000E+00    .10000000E+03
   .27008503E-03    .18222754E+02
   .15066321E-04    .96506019E+02
   .00000000E+00    .10000000E+03
   .15553398E-05    .66281218E+02
   .00000000E+00    .10000000E+03
   .37854989E-03    .17521031E+02
   .15866609E-04    .60518558E+02
   .00000000E+00    .10000000E+03
   .14130213E-05    .10000000E+03
   .00000000E+00    .10000000E+03
   .29019597E-03    .19062037E+02
   .12325381E-04    .84513511E+02
   .31357987E-05    .10000000E+03
   .00000000E+00    .10000000E+03
   .00000000E+00    .10000000E+03
   .25901186E-03    .21988281E+02
   .60997545E-05    .52792429E+02
   .47092636E-05    .65926606E+02
   .18203787E-05    .69884048E+02
   .00000000E+00    .10000000E+03
   .23635696E-03    .20489152E+02
   .12241915E-04    .45669223E+02
   .00000000E+00    .10000000E+03
   .16733542E-05    .10000000E+03
   .00000000E+00    .10000000E+03
   .30374811E-03    .19301656E+02
   .58577024E-04    .44738338E+02
   .13450360E-05    .10000000E+03
   .00000000E+00    .10000000E+03
   .00000000E+00    .10000000E+03
   .39497244E-03    .16849539E+02
   .51222864E-04    .36337706E+02
   .30395742E-05    .58567441E+02
   .20427376E-05    .62506135E+02
   .00000000E+00    .10000000E+03
   .29650674E-03    .18477055E+02
   .28892056E-04    .41627439E+02
   .11756898E-04    .10000000E+03
   .10638407E-05    .10000000E+03
   .00000000E+00    .10000000E+03
   .33348893E-03    .17858897E+02
   .21223423E-04    .45765859E+02
   .39480326E-07    .10000000E+03
   .00000000E+00    .10000000E+03
   .00000000E+00    .10000000E+03
   .36054129E-03    .17452942E+02
   .30365168E-04    .51140855E+02
   .00000000E+00    .10000000E+03
   .97956044E-06    .10000000E+03
   .00000000E+00    .10000000E+03
   .39032503E-03    .17937472E+02
   .24706031E-04    .43301511E+02
   .35262141E-05    .61082473E+02
   .22826717E-05    .89032113E+02
   .00000000E+00    .10000000E+03
   .26548912E-03    .20048390E+02
   .49658485E-04    .33421239E+02
   .30071061E-05    .74730302E+02
   .20115977E-05    .56876875E+02
   .00000000E+00    .10000000E+03
   .29447425E-03    .18536356E+02
   .28296652E-04    .39631335E+02
   .68365151E-05    .52938086E+02
   .96868932E-06    .10000000E+03
   .21283479E-01    .16016324E+01
   .18997184E-03    .36163434E+02
   .33901603E-05    .70995446E+02
   .00000000E+00    .10000000E+03
   .61413536E-06    .10000000E+03
   .13250306E-01    .29018176E+01
   .20011800E-03    .19177148E+02
   .14030782E-04    .60225112E+02
   .00000000E+00    .10000000E+03
   .22297676E-05    .50258659E+02
   .23811748E-02    .66299392E+01
   .18507606E-03    .19992915E+02
   .53734250E-05    .98280349E+02
   .00000000E+00    .10000000E+03
   .33050387E-05    .45439205E+02
   .63537951E-05    .10000000E+03
   .11987995E-03    .23665084E+02
   .71938988E-06    .10000000E+03
   .00000000E+00    .10000000E+03
   .10389845E-05    .78481922E+02
   .00000000E+00    .10000000E+03
   .17530402E-03    .20546747E+02
   .78553904E-05    .50744416E+02
   .00000000E+00    .10000000E+03
   .14648694E-05    .70966394E+02
   .00000000E+00    .10000000E+03
   .15726433E-03    .19270916E+02
   .10367047E-04    .48750963E+02
   .00000000E+00    .10000000E+03
   .61634838E-06    .98092216E+02
   .00000000E+00    .10000000E+03
   .16341786E-03    .21373249E+02
   .15957088E-04    .45560673E+02
   .23797935E-06    .10000000E+03
   .28371522E-05    .73082009E+02
   .00000000E+00    .10000000E+03
   .17972720E-03    .22151626E+02
   .28659054E-04    .42791140E+02
   .00000000E+00    .10000000E+03
   .93753931E-06    .10000000E+03
   .00000000E+00    .10000000E+03
   .12417710E-03    .21540270E+02
   .20080691E-04    .46996258E+02
   .00000000E+00    .10000000E+03
   .23833996E-06    .10000000E+03
   .00000000E+00    .10000000E+03
   .15479762E-03    .23354896E+02
   .21232478E-04    .45768968E+02
   .45683944E-05    .10000000E+03
   .37516023E-05    .79300923E+02
   .00000000E+00    .10000000E+03
   .18586214E-03    .21578490E+02
   .23780880E-04    .55172068E+02
   .54817155E-05    .77206001E+02
   .00000000E+00    .10000000E+03
   .00000000E+00    .10000000E+03
   .18122213E-03    .21560999E+02
   .34888806E-04    .48390885E+02
   .45645309E-05    .59480486E+02
   .69412555E-06    .93840331E+02
   .00000000E+00    .10000000E+03
   .18328417E-03    .19938881E+02
   .57349313E-04    .30641210E+02
   .84087523E-05    .65445413E+02
   .14873695E-06    .10000000E+03
   .00000000E+00    .10000000E+03
   .12513469E-03    .24226621E+02
   .29429760E-04    .39501035E+02
   .41596577E-06    .10000000E+03
   .00000000E+00    .10000000E+03
   .00000000E+00    .10000000E+03
   .21239619E-03    .19883660E+02
   .10990994E-04    .54363426E+02
   .73506586E-06    .77456229E+02
   .00000000E+00    .10000000E+03
   .00000000E+00    .10000000E+03
   .98018459E-04    .27670734E+02
   .36498364E-04    .34729190E+02
   .85125223E-05    .65148103E+02
   .16717254E-05    .97830940E+02
   .00000000E+00    .10000000E+03
   .11533534E-03    .26019095E+02
   .33090648E-04    .44093005E+02
   .00000000E+00    .10000000E+03
   .64220582E-07    .10000000E+03
   .00000000E+00    .10000000E+03
   .13417582E-03    .22018514E+02
   .20569951E-04    .55198476E+02
   .77310783E-05    .92705900E+02
   .00000000E+00    .10000000E+03
   .00000000E+00    .10000000E+03
   .15335232E-03    .21729176E+02
   .35783549E-04    .44157758E+02
   .48397486E-05    .10000000E+03
   .41633168E-06    .71206661E+02
   .00000000E+00    .10000000E+03
   .12552643E-03    .22604049E+02
   .29215490E-04    .34958407E+02
   .22401538E-05    .70744988E+02
   .00000000E+00    .10000000E+03
   .75206993E-02    .27394639E+01
   .14295947E-03    .35473763E+02
   .31653667E-05    .10000000E+03
   .00000000E+00    .10000000E+03
   .00000000E+00    .10000000E+03
   .32826885E-02    .58878992E+01
   .77217693E-04    .24572895E+02
   .00000000E+00    .10000000E+03
   .00000000E+00    .10000000E+03
   .65567673E-06    .10000000E+03
   .32179088E-03    .18640190E+02
   .59472135E-04    .25864031E+02
   .10686392E-04    .50510880E+02
   .00000000E+00    .10000000E+03
   .85508373E-06    .10000000E+03
   .00000000E+00    .10000000E+03
   .76609948E-04    .26854648E+02
   .28532131E-05    .10000000E+03
   .00000000E+00    .10000000E+03
   .72391832E-06    .97796000E+02
   .00000000E+00    .10000000E+03
   .89657147E-04    .22869574E+02
   .00000000E+00    .10000000E+03
   .00000000E+00    .10000000E+03
   .12822267E-05    .71357087E+02
   .00000000E+00    .10000000E+03
   .10343187E-03    .23639804E+02
   .41923446E-05    .62703101E+02
   .17030115E-05    .10000000E+03
   .33632476E-05    .49095779E+02
   .00000000E+00    .10000000E+03
   .66988837E-04    .27035215E+02
   .41982129E-05    .78433857E+02
   .73352471E-06    .89375286E+02
   .11912097E-05    .71347629E+02
   .00000000E+00    .10000000E+03
   .13851787E-03    .19968160E+02
   .10522392E-04    .53442213E+02
   .21529138E-05    .78842407E+02
   .80690752E-06    .10000000E+03
   .00000000E+00    .10000000E+03
   .75795262E-04    .26768818E+02
   .65382689E-05    .71825323E+02
   .00000000E+00    .10000000E+03
   .35836596E-07    .10000000E+03
   .00000000E+00    .10000000E+03
   .65119400E-04    .29904890E+02
   .58328417E-05    .50161866E+02
   .12262780E-05    .10000000E+03
   .61092593E-06    .10000000E+03
   .00000000E+00    .10000000E+03
   .76749095E-04    .25146494E+02
   .13103398E-04    .63751226E+02
   .00000000E+00    .10000000E+03
   .00000000E+00    .10000000E+03
   .00000000E+00    .10000000E+03
   .88474175E-04    .25344039E+02
   .17701566E-04    .52552685E+02
   .15717282E-05    .71164314E+02
   .20886074E-05    .67170523E+02
   .00000000E+00    .10000000E+03
   .89097270E-04    .24030312E+02
   .16267395E-04    .43448117E+02
   .18990065E-05    .77416383E+02
   .58570843E-06    .10000000E+03
   .00000000E+00    .10000000E+03
   .73068702E-04    .28116320E+02
   .23752162E-04    .46270075E+02
   .12454607E-05    .10000000E+03
   .42371131E-07    .10000000E+03
   .00000000E+00    .10000000E+03
   .10880868E-03    .22678287E+02
   .52710177E-05    .78577152E+02
   .30432586E-05    .74125567E+02
   .83031994E-06    .10000000E+03
   .00000000E+00    .10000000E+03
   .10218046E-03    .24905658E+02
   .92680868E-05    .70683754E+02
   .41120969E-05    .74498010E+02
   .13195618E-05    .10000000E+03
   .00000000E+00    .10000000E+03
   .12137140E-03    .21860656E+02
   .88948583E-05    .49509206E+02
   .12499722E-05    .10000000E+03
   .66862816E-07    .10000000E+03
   .00000000E+00    .10000000E+03
   .10605394E-03    .22669655E+02
   .16970478E-04    .44985343E+02
   .32468331E-05    .10000000E+03
   .00000000E+00    .10000000E+03
   .00000000E+00    .10000000E+03
   .87569518E-04    .24986325E+02
   .20501899E-04    .40910897E+02
   .11387969E-05    .10000000E+03
   .65545227E-06    .10000000E+03
   .00000000E+00    .10000000E+03
   .49907760E-04    .32387115E+02
   .18689780E-04    .45587592E+02
   .13583945E-06    .10000000E+03
   .00000000E+00    .10000000E+03
   .21390330E-02    .49277544E+01
   .54830297E-04    .36809600E+02
   .00000000E+00    .10000000E+03
   .00000000E+00    .10000000E+03
   .59071050E-06    .10000000E+03
   .91668601E-03    .11379468E+02
   .56077215E-04    .23899778E+02
   .25930161E-06    .10000000E+03
   .00000000E+00    .10000000E+03
   .28135920E-06    .10000000E+03
   .26205937E-04    .46293161E+02
   .76642539E-04    .22312175E+02
   .21541952E-05    .68137329E+02
   .00000000E+00    .10000000E+03
   .00000000E+00    .10000000E+03
   .00000000E+00    .10000000E+03
   .66906024E-04    .23595970E+02
   .73188237E-05    .78107154E+02
   .93030923E-06    .10000000E+03
   .15568552E-05    .71029824E+02
   .00000000E+00    .10000000E+03
   .54113593E-04    .28243476E+02
   .15784272E-05    .71956226E+02
   .00000000E+00    .10000000E+03
   .34135331E-07    .10000000E+03
   .00000000E+00    .10000000E+03
   .35575939E-04    .32782502E+02
   .16520748E-04    .47955129E+02
   .68969271E-06    .96001633E+02
   .79055069E-06    .89960891E+02
   .00000000E+00    .10000000E+03
   .38588277E-04    .30051107E+02
   .24463774E-05    .71045327E+02
   .00000000E+00    .10000000E+03
   .00000000E+00    .10000000E+03
   .00000000E+00    .10000000E+03
   .46673255E-04    .29634171E+02
   .29369761E-05    .73595635E+02
   .21396611E-06    .10000000E+03
   .20335951E-05    .69064869E+02
   .00000000E+00    .10000000E+03
   .78896382E-04    .23804807E+02
   .74017846E-05    .56671295E+02
   .00000000E+00    .10000000E+03
   .19183954E-05    .71502270E+02
   .00000000E+00    .10000000E+03
   .66485976E-04    .25805269E+02
   .49102802E-05    .55145109E+02
   .31476058E-07    .10000000E+03
   .00000000E+00    .10000000E+03
   .00000000E+00    .10000000E+03
   .69134498E-04    .24700171E+02
   .87747314E-05    .62609065E+02
   .00000000E+00    .10000000E+03
   .00000000E+00    .10000000E+03
   .00000000E+00    .10000000E+03
   .42993656E-04    .29953740E+02
   .13660694E-04    .52017755E+02
   .20310364E-05    .10000000E+03
   .00000000E+00    .10000000E+03
   .00000000E+00    .10000000E+03
   .54887089E-04    .26831921E+02
   .71512544E-05    .56211950E+02
   .28515314E-05    .80412826E+02
   .10862034E-05    .10000000E+03
   .00000000E+00    .10000000E+03
   .40367193E-04    .32119856E+02
   .90668667E-05    .52793791E+02
   .00000000E+00    .10000000E+03
   .00000000E+00    .10000000E+03
   .00000000E+00    .10000000E+03
   .62554675E-04    .24959967E+02
   .25350476E-04    .33798850E+02
   .19344157E-06    .75582338E+02
   .00000000E+00    .10000000E+03
   .00000000E+00    .10000000E+03
   .62418239E-04    .25960340E+02
   .15518970E-04    .44194980E+02
   .30557249E-05    .59468048E+02
   .20710008E-05    .73141057E+02
   .00000000E+00    .10000000E+03
   .61426328E-04    .27750507E+02
   .12801421E-04    .43289207E+02
   .24266573E-05    .78955038E+02
   .00000000E+00    .10000000E+03
   .00000000E+00    .10000000E+03
   .63230245E-04    .26103557E+02
   .10837754E-04    .54890241E+02
   .23199315E-05    .10000000E+03
   .00000000E+00    .10000000E+03
   .00000000E+00    .10000000E+03
   .58238539E-04    .27412056E+02
   .10622729E-04    .55408958E+02
   .20296435E-05    .10000000E+03
   .90159750E-06    .85602570E+02
   .00000000E+00    .10000000E+03
   .38581123E-04    .30220179E+02
   .70326578E-05    .56542852E+02
   .22479529E-05    .10000000E+03
   .17048672E-05    .10000000E+03
   .55508737E-03    .96545602E+01
   .61149720E-04    .39528095E+02
   .00000000E+00    .10000000E+03
   .00000000E+00    .10000000E+03
   .00000000E+00    .10000000E+03
   .13940413E-03    .25577268E+02
   .15257135E-04    .43321762E+02
   .00000000E+00    .10000000E+03
   .00000000E+00    .10000000E+03
   .57512404E-06    .10000000E+03
   .22961404E-04    .68750901E+02
   .41112384E-04    .27554166E+02
   .40970844E-05    .70711043E+02
   .00000000E+00    .10000000E+03
   .25433458E-05    .74986569E+02
   .00000000E+00    .10000000E+03
   .42366524E-04    .29247755E+02
   .86789070E-05    .57417839E+02
   .00000000E+00    .10000000E+03
   .00000000E+00    .10000000E+03
   .00000000E+00    .10000000E+03
   .23158404E-04    .36467523E+02
   .23509736E-05    .90176533E+02
   .00000000E+00    .10000000E+03
   .89341846E-06    .10000000E+03
   .00000000E+00    .10000000E+03
   .27810971E-04    .35629325E+02
   .57279383E-07    .10000000E+03
   .00000000E+00    .10000000E+03
   .19935185E-05    .75284254E+02
   .00000000E+00    .10000000E+03
   .24283368E-04    .36274582E+02
   .77893531E-05    .46318088E+02
   .00000000E+00    .10000000E+03
   .97896967E-06    .10000000E+03
   .00000000E+00    .10000000E+03
   .24203507E-04    .35881525E+02
   .64430963E-05    .70785729E+02
   .26188699E-05    .10000000E+03
   .48936793E-07    .10000000E+03
   .00000000E+00    .10000000E+03
   .28880091E-04    .33790101E+02
   .60525292E-05    .64933380E+02
   .00000000E+00    .10000000E+03
   .76897232E-07    .10000000E+03
   .00000000E+00    .10000000E+03
   .16686380E-04    .44352287E+02
   .00000000E+00    .10000000E+03
   .00000000E+00    .10000000E+03
   .00000000E+00    .10000000E+03
   .00000000E+00    .10000000E+03
   .31336943E-04    .32664746E+02
   .22600264E-05    .89458506E+02
   .15333663E-05    .10000000E+03
   .00000000E+00    .10000000E+03
   .00000000E+00    .10000000E+03
   .23575867E-04    .37268291E+02
   .46894852E-05    .68297190E+02
   .00000000E+00    .10000000E+03
   .56437763E-07    .77842169E+02
   .00000000E+00    .10000000E+03
   .31723206E-04    .33621814E+02
   .30659916E-05    .48746076E+02
   .91617007E-06    .10000000E+03
   .81769730E-06    .10000000E+03
   .00000000E+00    .10000000E+03
   .27901842E-04    .34481118E+02
   .42725180E-05    .69712578E+02
   .17996352E-06    .10000000E+03
   .00000000E+00    .10000000E+03
   .00000000E+00    .10000000E+03
   .23138201E-04    .35392394E+02
   .64778222E-05    .63334369E+02
   .14948674E-05    .10000000E+03
   .00000000E+00    .10000000E+03
   .00000000E+00    .10000000E+03
   .18821790E-04    .44247136E+02
   .00000000E+00    .10000000E+03
   .00000000E+00    .10000000E+03
   .00000000E+00    .10000000E+03
   .00000000E+00    .10000000E+03
   .44216909E-04    .28595591E+02
   .31225620E-05    .65726994E+02
   .93590582E-06    .76136001E+02
   .00000000E+00    .10000000E+03
   .00000000E+00    .10000000E+03
   .18546063E-04    .35358609E+02
   .13635263E-04    .51492090E+02
   .00000000E+00    .10000000E+03
   .00000000E+00    .10000000E+03
   .00000000E+00    .10000000E+03
   .19718832E-04    .41751877E+02
   .64935478E-05    .48359439E+02
   .00000000E+00    .10000000E+03
   .00000000E+00    .10000000E+03
   .00000000E+00    .10000000E+03
   .19618657E-04    .41170881E+02
   .52321008E-05    .68888789E+02
   .27686454E-05    .62183030E+02
   .00000000E+00    .10000000E+03
   .94484537E-04    .21901995E+02
   .14027076E-04    .47556293E+02
   .00000000E+00    .10000000E+03
   .00000000E+00    .10000000E+03
   .64676015E-06    .10000000E+03
   .36307240E-04    .52645770E+02
   .16247792E-04    .44186641E+02
   .00000000E+00    .10000000E+03
   .00000000E+00    .10000000E+03
   .00000000E+00    .10000000E+03
   .00000000E+00    .10000000E+03
   .80115019E-05    .63837734E+02
   .00000000E+00    .10000000E+03
   .00000000E+00    .10000000E+03
   .00000000E+00    .10000000E+03
   .00000000E+00    .10000000E+03
   .10370020E-04    .55378357E+02
   .00000000E+00    .10000000E+03
   .90531116E-07    .10000000E+03
   .00000000E+00    .10000000E+03
   .00000000E+00    .10000000E+03
   .53541222E-05    .70827393E+02
   .00000000E+00    .10000000E+03
   .00000000E+00    .10000000E+03
   .00000000E+00    .10000000E+03
   .00000000E+00    .10000000E+03
   .95465570E-05    .58645546E+02
   .55068539E-06    .10000000E+03
   .00000000E+00    .10000000E+03
   .00000000E+00    .10000000E+03
   .00000000E+00    .10000000E+03
   .14794788E-04    .43611624E+02
   .00000000E+00    .10000000E+03
   .00000000E+00    .10000000E+03
   .00000000E+00    .10000000E+03
   .00000000E+00    .10000000E+03
   .10721933E-04    .58382356E+02
   .11042922E-05    .10000000E+03
   .00000000E+00    .10000000E+03
   .00000000E+00    .10000000E+03
   .00000000E+00    .10000000E+03
   .49099984E-05    .68313555E+02
   .39106088E-05    .10000000E+03
   .00000000E+00    .10000000E+03
   .00000000E+00    .10000000E+03
   .00000000E+00    .10000000E+03
   .16651134E-04    .49502838E+02
   .14356339E-05    .75924149E+02
   .00000000E+00    .10000000E+03
   .00000000E+00    .10000000E+03
   .00000000E+00    .10000000E+03
   .14185658E-04    .47071399E+02
   .29068478E-05    .10000000E+03
   .00000000E+00    .10000000E+03
   .00000000E+00    .10000000E+03
   .00000000E+00    .10000000E+03
   .11470569E-04    .55885590E+02
   .41980935E-05    .70719262E+02
   .00000000E+00    .10000000E+03
   .87198196E-06    .10000000E+03
   .00000000E+00    .10000000E+03
   .75491854E-05    .66419682E+02
   .00000000E+00    .10000000E+03
   .00000000E+00    .10000000E+03
   .11741037E-05    .10000000E+03
   .00000000E+00    .10000000E+03
   .60412312E-05    .74725301E+02
   .46215830E-06    .10000000E+03
   .00000000E+00    .10000000E+03
   .00000000E+00    .10000000E+03
   .00000000E+00    .10000000E+03
   .18755914E-04    .44061286E+02
   .00000000E+00    .10000000E+03
   .00000000E+00    .10000000E+03
   .00000000E+00    .10000000E+03
   .00000000E+00    .10000000E+03
   .11559716E-04    .55200670E+02
   .24109405E-06    .10000000E+03
   .00000000E+00    .10000000E+03
   .00000000E+00    .10000000E+03
   .00000000E+00    .10000000E+03
   .74050633E-05    .58958215E+02
   .17759584E-06    .10000000E+03
   .12845527E-06    .10000000E+03
   .00000000E+00    .10000000E+03
   .00000000E+00    .10000000E+03
   .65635896E-05    .70756573E+02
   .00000000E+00    .10000000E+03
   .10025038E-05    .10000000E+03
   .00000000E+00    .10000000E+03
   .00000000E+00    .10000000E+03
   .18831535E-04    .42548528E+02
   .58723019E-05    .64924347E+02
   .24949060E-05    .10000000E+03
   .00000000E+00    .10000000E+03
   .00000000E+00    .10000000E+03
   .26590023E-04    .48219718E+02
   .11184019E-05    .10000000E+03
   .00000000E+00    .10000000E+03
   .26825596E-06    .10000000E+03
